# Kona Param. Contn. convergence history (opt tol = 8.880456e-06 | feas tol = 4.537731e-06)
# outer     inner      cost      objective     lagrangian       opt 2norm     S*Lam 2norm      feas 2norm       homotopy        hom opt       hom feas     mu               opt infty     S*Lam infty      feas infty     
      0         0         1      6.188e+01      6.188e+01     8.8805e+01     0.0000e+00     4.5377e+01     0.0000e+00     0.0000e+00     0.0000e+00     1.0000          5.2500e+01     0.0000e+00     1.3000e+01     

      1         0        10      5.799e+01      5.903e+01     8.5597e+01     2.2500e-01     4.5491e+01      3.032e-02     1.6555e-03     1.8953e-04     9.994987e-01          4.9884e+01     6.5175e-02     1.3129e+01     
      1         1        21      5.812e+01      5.916e+01     8.5712e+01     2.2552e-01     4.5487e+01      3.032e-02     2.8979e-07     2.8713e-09     9.994987e-01          5.0002e+01     6.5830e-02     1.3124e+01     

      2         0        32      4.958e+01      5.324e+01     7.8275e+01     7.9202e-01     4.5761e+01      1.012e-01     9.6215e-03     1.1028e-03     9.982421e-01          4.4026e+01     2.3240e-01     1.3423e+01     
      2         1        43      5.022e+01      5.390e+01     7.8877e+01     7.9500e-01     4.5737e+01      1.011e-01     1.8943e-05     1.9043e-07     9.982421e-01          4.4636e+01     2.3587e-01     1.3395e+01     

      3         0        54      4.279e+01      4.946e+01     7.1952e+01     1.4296e+00     4.6003e+01      1.734e-01     9.8971e-03     1.1273e-03     9.968489e-01          3.9297e+01     4.2794e-01     1.3668e+01     
      3         1        65      4.336e+01      5.004e+01     7.2512e+01     1.4327e+00     4.5980e+01      1.733e-01     6.5484e-05     1.1239e-06     9.968489e-01          3.9837e+01     4.3119e-01     1.3643e+01     

      4         0        76      3.723e+01      4.712e+01     6.6392e+01     2.1060e+00     4.6221e+01      2.447e-01     9.2149e-03     1.0234e-03     9.953844e-01          3.5315e+01     6.3964e-01     1.3879e+01     
      4         1        89      3.768e+01      4.758e+01     6.6865e+01     2.1089e+00     4.6200e+01      2.447e-01     1.1811e-06     2.0044e-06     9.953844e-01          3.5746e+01     6.4235e-01     1.3857e+01     

      5         0       102      3.266e+01      4.593e+01     6.1494e+01     2.8113e+00     4.6416e+01      3.157e-01     8.3124e-03     8.4295e-04     9.938691e-01          3.1922e+01     8.6357e-01     1.4059e+01     
      5         1       115      3.301e+01      4.629e+01     6.1886e+01     2.8140e+00     4.6397e+01      3.157e-01     7.1216e-06     2.8599e-06     9.938691e-01          3.2272e+01     8.6569e-01     1.4041e+01     

      6         0       128      2.870e+01      4.565e+01     5.6952e+01     3.5724e+00     4.6596e+01      3.907e-01     8.2031e-03     7.5517e-04     9.922439e-01          2.8885e+01     1.1076e+00     1.4221e+01     
      6         1       141      2.901e+01      4.597e+01     5.7308e+01     3.5752e+00     4.6579e+01      3.907e-01     1.4637e-05     3.8375e-06     9.922439e-01          2.9188e+01     1.1094e+00     1.4205e+01     

      7         0       154      2.528e+01      4.625e+01     5.2737e+01     4.3976e+00     4.6761e+01      4.719e-01     8.2356e-03     6.7991e-04     9.904917e-01          2.6159e+01     1.3744e+00     1.4366e+01     
      7         1       167      2.554e+01      4.652e+01     5.3064e+01     4.4006e+00     4.6744e+01      4.720e-01     2.8689e-05     3.8198e-06     9.904917e-01          2.6427e+01     1.3759e+00     1.4352e+01     

      8         0       180      2.228e+01      4.768e+01     4.8764e+01     5.3041e+00     4.6912e+01      5.631e-01     8.5566e-03     6.6775e-04     9.885760e-01          2.3672e+01     1.6693e+00     1.4497e+01     
      8         1       193      2.251e+01      4.793e+01     4.9075e+01     5.3073e+00     4.6895e+01      5.632e-01     5.5504e-05     3.5772e-06     9.885760e-01          2.3916e+01     1.6705e+00     1.4483e+01     

      9         0       206      1.962e+01      4.999e+01     4.4976e+01     6.3123e+00     4.7048e+01      6.687e-01     9.1813e-03     7.8548e-04     9.864534e-01          2.1438e+01     1.9989e+00     1.4615e+01     
      9         1       221      1.984e+01      5.021e+01     4.5279e+01     6.3158e+00     4.7030e+01      6.689e-01     5.2129e-06     2.5166e-05     9.864534e-01          2.1605e+01     1.9997e+00     1.4602e+01     

     10         0       238      1.735e+01      5.313e+01     4.1475e+01     7.4098e+00     4.7162e+01      7.906e-01     9.1387e-03     1.0083e-03     9.841531e-01          1.9764e+01     2.3575e+00     1.4718e+01     
     10         1       253      1.754e+01      5.333e+01     4.1752e+01     7.4120e+00     4.7145e+01      7.909e-01     3.9675e-06     2.2810e-05     9.841531e-01          1.9890e+01     2.3588e+00     1.4705e+01     

     11         0       270      1.525e+01      5.735e+01     3.7971e+01     8.6819e+00     4.7263e+01      9.438e-01     1.0679e-02     1.1193e-03     9.814882e-01          1.8082e+01     2.7753e+00     1.4811e+01     
     11         1       285      1.544e+01      5.754e+01     3.8264e+01     8.6838e+00     4.7244e+01      9.443e-01     7.9618e-06     2.9419e-05     9.814882e-01          1.8218e+01     2.7765e+00     1.4798e+01     

     12         0       302      1.343e+01      6.271e+01     3.4622e+01     1.0125e+01     4.7337e+01      1.136e+00     1.1929e-02     1.1883e-03     9.784656e-01          1.6465e+01     3.2499e+00     1.4890e+01     
     12         1       317      1.361e+01      6.288e+01     3.4914e+01     1.0126e+01     4.7316e+01      1.137e+00     1.5962e-05     3.4609e-05     9.784656e-01          1.6603e+01     3.2508e+00     1.4877e+01     

     13         0       334      1.185e+01      6.931e+01     3.1415e+01     1.1764e+01     4.7379e+01      1.382e+00     1.3456e-02     1.2463e-03     9.750248e-01          1.4913e+01     3.7893e+00     1.4953e+01     
     13         1       349      1.202e+01      6.946e+01     3.1707e+01     1.1765e+01     4.7356e+01      1.383e+00     3.2089e-05     3.4630e-05     9.750248e-01          1.5052e+01     3.7898e+00     1.4940e+01     

     14         0       366      1.051e+01      7.724e+01     2.8372e+01     1.3620e+01     4.7380e+01      1.702e+00     1.5223e-02     1.2702e-03     9.711119e-01          1.3439e+01     4.3994e+00     1.4997e+01     
     14         1       381      1.067e+01      7.738e+01     2.8661e+01     1.3618e+01     4.7355e+01      1.704e+00     6.3550e-05     2.1497e-05     9.711119e-01          1.3577e+01     4.3991e+00     1.4984e+01     

     15         0       398      9.400e+00      8.658e+01     2.5511e+01     1.5706e+01     4.7330e+01      2.123e+00     1.7262e-02     1.2497e-03     9.666737e-01          1.2055e+01     5.0844e+00     1.5019e+01     
     15         1       413      9.549e+00      8.669e+01     2.5792e+01     1.5702e+01     4.7302e+01      2.127e+00     1.2201e-04     4.6323e-05     9.666737e-01          1.2188e+01     5.0828e+00     1.5006e+01     

     16         0       430      8.511e+00      9.738e+01     2.2841e+01     1.8037e+01     4.7217e+01      2.684e+00     1.9689e-02     1.2099e-03     9.616491e-01          1.0766e+01     5.8472e+00     1.5016e+01     
     16         1       447      8.649e+00      9.744e+01     2.3114e+01     1.8029e+01     4.7188e+01      2.692e+00     5.8213e-05     1.6112e-04     9.616491e-01          1.0893e+01     5.8439e+00     1.5003e+01     

     17         0       485      7.853e+00      1.095e+02     2.0421e+01     2.0577e+01     4.7031e+01      3.425e+00     2.1175e-02     8.9107e-04     9.560715e-01          9.5897e+00     6.6755e+00     1.4986e+01     
     17         1       500      7.968e+00      1.095e+02     2.0670e+01     2.0563e+01     4.7002e+01      3.437e+00     1.4693e-04     1.1927e-04     9.560715e-01          9.7137e+00     6.6691e+00     1.4973e+01     

     18         0       538      7.354e+00      1.234e+02     1.8100e+01     2.3453e+01     4.6755e+01      4.463e+00     2.5886e-02     8.2515e-04     9.495838e-01          8.4727e+00     7.6073e+00     1.4923e+01     
     18         1       557      7.465e+00      1.234e+02     1.8350e+01     2.3430e+01     4.6721e+01      4.483e+00     1.3081e-04     3.6442e-05     9.495838e-01          8.5977e+00     7.5962e+00     1.4908e+01     

     19         0       576      7.046e+00      1.391e+02     1.5953e+01     2.6638e+01     4.6362e+01      5.920e+00     3.1098e-02     1.1400e-03     9.421214e-01          7.4424e+00     8.6306e+00     1.4818e+01     
     19         1       595      7.151e+00      1.390e+02     1.6196e+01     2.6602e+01     4.6324e+01      5.953e+00     2.4028e-04     6.3618e-05     9.421214e-01          7.5631e+00     8.6134e+00     1.4804e+01     

     20         0       614      6.927e+00      1.568e+02     1.3941e+01     3.0177e+01     4.5821e+01      8.029e+00     3.8754e-02     2.1975e-03     9.333869e-01          6.4797e+00     9.7542e+00     1.4662e+01     
     20         1       635      7.028e+00      1.566e+02     1.4182e+01     3.0120e+01     4.5777e+01      8.084e+00     1.0953e-04     7.3156e-05     9.333869e-01          6.5982e+00     9.7278e+00     1.4647e+01     

     21         0       654      7.015e+00      1.767e+02     1.2046e+01     3.4105e+01     4.5080e+01      1.118e+01     4.9933e-02     4.2917e-03     9.229604e-01          5.5754e+00     1.0980e+01     1.4439e+01     
     21         1       675      7.114e+00      1.764e+02     1.2292e+01     3.4017e+01     4.5028e+01      1.127e+01     2.4325e-04     1.6748e-04     9.229604e-01          5.6921e+00     1.0941e+01     1.4425e+01     

     22         0       698      7.371e+00      1.987e+02     1.0301e+01     3.8362e+01     4.4075e+01      1.599e+01     6.2400e-02     7.3601e-03     9.104324e-01          4.7199e+00     1.2271e+01     1.4136e+01     
     22         1       719      7.440e+00      1.981e+02     1.0538e+01     3.8225e+01     4.4021e+01      1.613e+01     4.1763e-04     3.0211e-04     9.104324e-01          4.8490e+00     1.2219e+01     1.4117e+01     

     23         0       744      7.993e+00      2.227e+02     8.6556e+00     4.2914e+01     4.2714e+01      2.359e+01     8.0654e-02     1.2269e-02     8.949078e-01          3.9401e+00     1.3596e+01     1.3715e+01     
     23         1       767      8.059e+00      2.217e+02     8.8963e+00     4.2694e+01     4.2653e+01      2.381e+01     2.6872e-04     5.8674e-04     8.949078e-01          4.0570e+00     1.3527e+01     1.3695e+01     

     24         0       792      9.048e+00      2.488e+02     7.0559e+00     4.7692e+01     4.0786e+01      3.643e+01     1.1080e-01     2.4174e-02     8.744500e-01          3.3842e+00     1.4923e+01     1.3137e+01     
     24         1       817      9.098e+00      2.472e+02     7.3187e+00     4.7338e+01     4.0721e+01      3.677e+01     5.7997e-04     1.8773e-04     8.744500e-01          3.4702e+00     1.4824e+01     1.3117e+01     

     25         0       842      1.071e+01      2.745e+02     5.5642e+00     5.2061e+01     3.8064e+01      5.854e+01     1.3982e-01     4.8939e-02     8.469151e-01          2.8414e+00     1.5991e+01     1.2319e+01     
     25         1       869      1.072e+01      2.720e+02     5.8404e+00     5.1538e+01     3.8022e+01      5.886e+01     5.6754e-04     4.5966e-04     8.469151e-01          2.9348e+00     1.5869e+01     1.2310e+01     

     26         0       894      1.333e+01      2.954e+02     4.1645e+00     5.4884e+01     3.4170e+01      9.741e+01     1.6364e-01     1.0668e-01     8.076984e-01          2.3013e+00     1.6388e+01     1.1161e+01     
     26         1       925      1.328e+01      2.921e+02     4.4587e+00     5.4214e+01     3.4219e+01      9.711e+01     1.5669e-03     8.7712e-04     8.076984e-01          2.4047e+00     1.6296e+01     1.1184e+01     

     27         0       952      1.756e+01      3.018e+02     2.9208e+00     5.3874e+01     2.8732e+01      1.628e+02     2.8225e-01     2.4001e-01     7.494311e-01          1.7798e+00     1.5370e+01     9.5736e+00     
     27         1       985      1.740e+01      2.993e+02     3.2080e+00     5.3404e+01     2.9037e+01      1.596e+02     4.1460e-03     9.4667e-04     7.494311e-01          1.8885e+00     1.5536e+01     9.6723e+00     

     28         0      1016      2.431e+01      2.834e+02     1.9510e+00     4.6608e+01     2.2038e+01      2.512e+02     8.9680e-01     4.6560e-01     6.643739e-01          1.3222e+00     1.2326e+01     7.6188e+00     
     28         1      1053      2.407e+01      2.860e+02     2.1745e+00     4.7248e+01     2.2771e+01      2.421e+02     1.8928e-02     3.9751e-03     6.643739e-01          1.4193e+00     1.3201e+01     7.8634e+00     

     29         0      1086      3.419e+01      2.478e+02     1.3164e+00     3.5052e+01     1.5738e+01      3.224e+02     1.6942e+00     6.4194e-01     5.547316e-01          9.7846e-01     8.4368e+00     5.7931e+00     
     29         1      1129      3.424e+01      2.572e+02     1.4350e+00     3.7021e+01     1.6666e+01      3.111e+02     3.4242e-02     5.9236e-03     5.547316e-01          1.0299e+00     9.9176e+00     6.0769e+00     

     30         0      1172      4.404e+01      2.293e+02     1.0463e+00     2.7961e+01     1.2507e+01      3.381e+02     9.7050e-01     3.0851e-01     4.661959e-01          8.0981e-01     6.7852e+00     4.8179e+00     
     30         1      1217      4.422e+01      2.349e+02     1.0622e+00     2.9112e+01     1.2907e+01      3.340e+02     1.5401e-02     1.1574e-02     4.661959e-01          7.9882e-01     7.5650e+00     4.9256e+00     

     31         0      1262      5.270e+01      2.180e+02     8.7171e-01     2.3294e+01     1.0452e+01      3.361e+02     4.7373e-01     1.5098e-01     4.011967e-01          6.8774e-01     5.7137e+00     4.1409e+00     
     31         1      1307      5.292e+01      2.206e+02     8.5159e-01     2.3778e+01     1.0602e+01      3.350e+02     1.4484e-02     1.5291e-02     4.011967e-01          6.5195e-01     6.0515e+00     4.1818e+00     

     32         0      1397      6.021e+01      2.100e+02     7.4355e-01     1.9887e+01     9.0070e+00      3.287e+02     2.8804e-01     8.4108e-02     3.527686e-01          5.8929e-01     4.8801e+00     3.6433e+00     
     32         1      1442      6.034e+01      2.113e+02     7.1727e-01     2.0105e+01     9.0722e+00      3.283e+02     1.1150e-02     1.3969e-02     3.527686e-01          5.5277e-01     5.0421e+00     3.6636e+00     

     33         0      1532      6.723e+01      2.035e+02     6.4142e-01     1.7081e+01     7.8481e+00      3.186e+02     2.3405e-01     6.7579e-02     3.120533e-01          5.0860e-01     4.1634e+00     3.2298e+00     
     33         1      1577      6.734e+01      2.043e+02     6.1527e-01     1.7210e+01     7.8860e+00      3.185e+02     1.2574e-02     1.5180e-02     3.120533e-01          4.7486e-01     4.2658e+00     3.2434e+00     

     34         0      1667      7.424e+01      1.981e+02     5.5359e-01     1.4655e+01     6.8533e+00      3.068e+02     2.1062e-01     7.1597e-02     2.752744e-01          4.3760e-01     3.5407e+00     2.8623e+00     
     34         1      1712      7.434e+01      1.988e+02     5.2902e-01     1.4744e+01     6.8797e+00      3.068e+02     1.3118e-02     1.8042e-02     2.752744e-01          4.0680e-01     3.6169e+00     2.8723e+00     

     35         0      1802      8.117e+01      1.938e+02     4.7873e-01     1.2589e+01     6.0041e+00      2.943e+02     1.8855e-01     8.2610e-02     2.423529e-01          3.7663e-01     3.0195e+00     2.5384e+00     
     35         1      1847      8.125e+01      1.945e+02     4.5914e-01     1.2650e+01     6.0221e+00      2.943e+02     1.5057e-02     1.8370e-02     2.423529e-01          3.5156e-01     3.0749e+00     2.5462e+00     

     36         0      1937      8.790e+01      1.905e+02     4.1513e-01     1.0835e+01     5.2803e+00      2.819e+02     1.6760e-01     9.0822e-02     2.131922e-01          3.2571e-01     2.5837e+00     2.2530e+00     
     36         1      1982      8.797e+01      1.911e+02     3.9833e-01     1.0880e+01     5.2908e+00      2.820e+02     1.4392e-02     1.7955e-02     2.131922e-01          3.0272e-01     2.6237e+00     2.2565e+00     

     37         0      2072      9.425e+01      1.880e+02     3.6041e-01     9.3712e+00     4.6691e+00      2.703e+02     1.4570e-01     9.3993e-02     1.878525e-01          2.8404e-01     2.2273e+00     2.0036e+00     
     37         1      2117      9.431e+01      1.886e+02     3.4665e-01     9.4010e+00     4.6744e+00      2.704e+02     1.4074e-02     1.8957e-02     1.878525e-01          2.6130e-01     2.2526e+00     2.0052e+00     

     38         0      2207      9.971e+01      1.864e+02     3.1882e-01     8.2430e+00     4.1922e+00      2.606e+02     1.2235e-01     7.6988e-02     1.676504e-01          2.3926e-01     1.9522e+00     1.7976e+00     
     38         1      2252      9.979e+01      1.869e+02     3.0383e-01     8.2608e+00     4.1920e+00      2.606e+02     1.1248e-02     1.5519e-02     1.676504e-01          2.2691e-01     1.9700e+00     1.8027e+00     

     39         0      2342      1.062e+02      1.847e+02     2.7270e-01     7.0121e+00     3.6713e+00      2.494e+02     1.2274e-01     9.8152e-02     1.451942e-01          2.1333e-01     1.6510e+00     1.5745e+00     
     39         1      2387      1.063e+02      1.852e+02     2.6214e-01     7.0333e+00     3.6684e+00      2.494e+02     2.2813e-02     2.3863e-02     1.451942e-01          1.9259e-01     1.6696e+00     1.5775e+00     

     40         0      2477      1.122e+02      1.834e+02     2.3877e-01     5.9689e+00     3.2291e+00      2.393e+02     1.0523e-01     1.2974e-01     1.255059e-01          1.8493e-01     1.3997e+00     1.3877e+00     
     40         1      2522      1.125e+02      1.840e+02     2.3004e-01     5.9925e+00     3.2150e+00      2.394e+02     3.1626e-02     3.7754e-02     1.255059e-01          1.6879e-01     1.4144e+00     1.3754e+00     

     41         0      2612      1.187e+02      1.824e+02     2.0621e-01     4.9572e+00     2.7939e+00      2.292e+02     9.9265e-02     1.5942e-01     1.059134e-01          1.5645e-01     1.1624e+00     1.1926e+00     
     41         1      2657      1.192e+02      1.831e+02     1.9592e-01     4.9863e+00     2.7694e+00      2.293e+02     4.3608e-02     5.4853e-02     1.059134e-01          1.4276e-01     1.1739e+00     1.1737e+00     

     42         0      2747      1.254e+02      1.817e+02     1.7567e-01     4.0214e+00     2.3820e+00      2.196e+02     9.4054e-02     1.8603e-01     8.734084e-02          1.3174e-01     9.3702e-01     1.0036e+00     
     42         1      2792      1.261e+02      1.825e+02     1.6568e-01     4.0582e+00     2.3484e+00      2.197e+02     5.4971e-02     7.6475e-02     8.734084e-02          1.1982e-01     9.4810e-01     9.8547e-01     

     43         0      2882      1.324e+02      1.812e+02     1.4425e-01     3.1572e+00     1.9906e+00      2.106e+02     9.2518e-02     2.2094e-01     6.967867e-02          1.0917e-01     7.3638e-01     8.2171e-01     
     43         1      2927      1.333e+02      1.820e+02     1.3696e-01     3.1979e+00     1.9475e+00      2.107e+02     7.1014e-02     1.0526e-01     6.967867e-02          9.9344e-02     7.5382e-01     8.0721e-01     

     44         0      3017      1.397e+02      1.808e+02     1.2048e-01     2.3677e+00     1.6192e+00      2.024e+02     9.9542e-02     2.5637e-01     5.311981e-02          8.6973e-02     5.5334e-01     6.7146e-01     
     44         1      3062      1.407e+02      1.816e+02     1.1114e-01     2.4153e+00     1.5724e+00      2.025e+02     8.7665e-02     1.4782e-01     5.311981e-02          7.8839e-02     5.8580e-01     6.4047e-01     

     45         0      3152      1.468e+02      1.805e+02     9.1354e-02     1.6897e+00     1.2844e+00      1.954e+02     1.0427e-01     2.9275e-01     3.845153e-02          6.9539e-02     4.1467e-01     6.0079e-01     
     45         1      3197      1.478e+02      1.812e+02     8.4908e-02     1.7347e+00     1.2412e+00      1.956e+02     9.8537e-02     2.0545e-01     3.845153e-02          5.8965e-02     4.2571e-01     5.5145e-01     

     46         0      3287      1.536e+02      1.803e+02     8.0787e-02     1.1333e+00     9.9383e-01      1.899e+02     1.2374e-01     3.1574e-01     2.630315e-02          5.9748e-02     3.0315e-01     5.2658e-01     
     46         1      3332      1.543e+02      1.808e+02     7.3713e-02     1.1744e+00     9.6285e-01      1.901e+02     9.7600e-02     2.5911e-01     2.630315e-02          4.7269e-02     2.9742e-01     4.9308e-01     

     47         0      3422      1.598e+02      1.801e+02     7.8890e-02     6.9000e-01     7.5269e-01      1.856e+02     1.3373e-01     3.4611e-01     1.608445e-02          4.8260e-02     2.1895e-01     4.5595e-01     
     47         1      3467      1.604e+02      1.804e+02     5.9721e-02     7.1668e-01     7.2484e-01      1.858e+02     9.2670e-02     3.0551e-01     1.608445e-02          2.8477e-02     1.9591e-01     4.3958e-01     

     48         0      3557      1.655e+02      1.800e+02     7.8535e-02     3.6509e-01     5.6451e-01      1.825e+02     1.4839e-01     3.7592e-01     7.964665e-03          3.8602e-02     1.4082e-01     3.8142e-01     
     48         1      3602      1.659e+02      1.802e+02     4.6064e-02     3.7138e-01     5.3713e-01      1.827e+02     8.9250e-02     3.3901e-01     7.964665e-03          2.9732e-02     1.1851e-01     3.7799e-01     

     49         0      3692      1.704e+02      1.801e+02     6.9169e-02     1.7075e-01     4.2220e-01      1.810e+02     1.2649e-01     3.5454e-01     3.131717e-03          3.9593e-02     8.3680e-02     3.0008e-01     
     49         1      3737      1.703e+02      1.803e+02     3.2773e-02     1.7156e-01     3.9808e-01      1.812e+02     7.3703e-02     3.2380e-01     3.131717e-03          2.1227e-02     6.2635e-02     3.0627e-01     

     50         0      3827      1.723e+02      1.804e+02     5.0044e-02     1.3709e-01     3.5110e-01      1.811e+02     9.5495e-02     2.9660e-01     2.544709e-03          2.8984e-02     6.3748e-02     2.5812e-01     
     50         1      3872      1.719e+02      1.805e+02     2.6739e-02     1.2794e-01     3.3915e-01      1.811e+02     5.4615e-02     2.7818e-01     2.544709e-03          2.2193e-02     4.8091e-02     2.5557e-01     

     51         0      3962      1.735e+02      1.805e+02     3.6637e-02     1.0132e-01     3.0541e-01      1.810e+02     7.2971e-02     2.6626e-01     1.800020e-03          1.9455e-02     4.8863e-02     2.2503e-01     
     51         1      4007      1.732e+02      1.806e+02     2.5428e-02     9.8126e-02     2.9275e-01      1.810e+02     5.6085e-02     2.4901e-01     1.800020e-03          2.0869e-02     3.7707e-02     2.2031e-01     

     52         0      4097      1.743e+02      1.807e+02     2.9957e-02     8.9508e-02     2.6878e-01      1.811e+02     6.1804e-02     2.3082e-01     1.719689e-03          1.7983e-02     3.9967e-02     1.9736e-01     
     52         1      4142      1.740e+02      1.807e+02     2.4982e-02     9.0698e-02     2.5947e-01      1.811e+02     5.3394e-02     2.1681e-01     1.719689e-03          1.7709e-02     3.6303e-02     1.9035e-01     

     53         0      4232      1.749e+02      1.807e+02     3.2861e-02     7.8228e-02     2.3879e-01      1.811e+02     5.6762e-02     2.0175e-01     1.623470e-03          1.9198e-02     3.3763e-02     1.7402e-01     
     53         1      4277      1.747e+02      1.808e+02     2.6150e-02     8.8853e-02     2.3042e-01      1.812e+02     5.1986e-02     1.8905e-01     1.623470e-03          1.7449e-02     3.4652e-02     1.6413e-01     

     54         0      4367      1.755e+02      1.808e+02     3.3563e-02     7.0626e-02     2.1146e-01      1.812e+02     5.1564e-02     1.7823e-01     1.419276e-03          2.3366e-02     2.7912e-02     1.5357e-01     
     54         1      4412      1.754e+02      1.809e+02     2.3121e-02     7.3152e-02     2.0422e-01      1.812e+02     4.6275e-02     1.6767e-01     1.419276e-03          1.4825e-02     2.9835e-02     1.4363e-01     

     55         0      4502      1.761e+02      1.809e+02     3.6955e-02     5.4464e-02     1.8914e-01      1.811e+02     4.9007e-02     1.6290e-01     1.106539e-03          2.9928e-02     2.1645e-02     1.3933e-01     
     55         1      4547      1.760e+02      1.809e+02     2.1904e-02     6.4679e-02     1.7960e-01      1.812e+02     4.5175e-02     1.5076e-01     1.106539e-03          1.3554e-02     2.7011e-02     1.2421e-01     

     56         0      4637      1.766e+02      1.809e+02     3.8823e-02     5.4395e-02     1.6722e-01      1.812e+02     4.8620e-02     1.4139e-01     1.065584e-03          3.3396e-02     1.9229e-02     1.2332e-01     
     56         1      4682      1.766e+02      1.810e+02     2.2258e-02     5.9894e-02     1.5551e-01      1.812e+02     4.4408e-02     1.2708e-01     1.065584e-03          1.1529e-02     2.5632e-02     1.0087e-01     

     57         0      4772      1.772e+02      1.810e+02     3.7675e-02     4.2888e-02     1.4351e-01      1.811e+02     4.3348e-02     1.2331e-01     8.197462e-04          3.5921e-02     1.5226e-02     1.0630e-01     
     57         1      4817      1.776e+02      1.810e+02     1.7682e-02     4.9889e-02     1.2486e-01      1.812e+02     4.3760e-02     1.0324e-01     8.197462e-04          1.2808e-02     2.0078e-02     8.2112e-02     

     58         0      4907      1.778e+02      1.810e+02     5.2860e-02     3.5446e-02     1.1803e-01      1.812e+02     5.5444e-02     9.8837e-02     7.520827e-04          5.1275e-02     1.2894e-02     8.6650e-02     
     58         1      4952      1.780e+02      1.810e+02     1.2977e-02     4.6656e-02     1.0866e-01      1.812e+02     3.6316e-02     8.8508e-02     7.520827e-04          5.8553e-03     2.0425e-02     6.7446e-02     

     59         0      5042      1.782e+02      1.810e+02     3.5345e-02     2.7459e-02     1.0424e-01      1.811e+02     3.7797e-02     8.8853e-02     5.952468e-04          3.4359e-02     1.1408e-02     7.7092e-02     
     59         1      5087      1.784e+02      1.810e+02     1.1873e-02     3.6944e-02     9.7014e-02      1.812e+02     2.9735e-02     8.1395e-02     5.952468e-04          5.8767e-03     1.7142e-02     6.3658e-02     

     60         0      5177      1.785e+02      1.810e+02     2.8323e-02     2.3178e-02     9.2847e-02      1.811e+02     3.0583e-02     8.0168e-02     4.986713e-04          2.7072e-02     1.0029e-02     6.8958e-02     
     60         1      5222      1.786e+02      1.810e+02     9.4121e-03     3.1782e-02     8.6323e-02      1.811e+02     2.5741e-02     7.3105e-02     4.986713e-04          5.2352e-03     1.6163e-02     5.6792e-02     

     61         0      5312      1.789e+02      1.810e+02     2.6946e-02     1.9965e-02     8.0273e-02      1.811e+02     2.9077e-02     6.9964e-02     4.050046e-04          2.4710e-02     8.8053e-03     5.8246e-02     
     61         1      5357      1.790e+02      1.810e+02     6.8368e-03     2.6053e-02     7.3086e-02      1.811e+02     2.2155e-02     6.2283e-02     4.050046e-04          3.7777e-03     1.1626e-02     4.7890e-02     

     62         0      5447      1.791e+02      1.810e+02     2.5910e-02     1.9586e-02     7.0441e-02      1.811e+02     2.8015e-02     6.0171e-02     3.915123e-04          2.5035e-02     7.4903e-03     5.2396e-02     
     62         1      5492      1.792e+02      1.811e+02     7.1729e-03     2.4683e-02     6.5207e-02      1.811e+02     2.0330e-02     5.4800e-02     3.915123e-04          3.8874e-03     1.3502e-02     4.3074e-02     

     63         0      5582      1.793e+02      1.810e+02     1.9763e-02     1.5618e-02     6.2883e-02      1.811e+02     2.1295e-02     5.4376e-02     3.246387e-04          1.8832e-02     7.5233e-03     4.6158e-02     
     63         1      5627      1.794e+02      1.811e+02     5.1545e-03     2.0089e-02     5.9682e-02      1.811e+02     1.5604e-02     5.1041e-02     3.246387e-04          2.8093e-03     9.8473e-03     3.9975e-02     

     64         0      5717      1.795e+02      1.811e+02     1.4492e-02     1.4664e-02     5.6865e-02      1.811e+02     1.6297e-02     4.9330e-02     2.904437e-04          1.3378e-02     6.6430e-03     4.1915e-02     
     64         1      5762      1.795e+02      1.811e+02     5.2483e-03     1.7842e-02     5.3494e-02      1.811e+02     1.4130e-02     4.5688e-02     2.904437e-04          3.2867e-03     9.6280e-03     3.6437e-02     

     65         0      5852      1.797e+02      1.810e+02     1.4351e-02     1.2467e-02     5.0721e-02      1.811e+02     1.5777e-02     4.4203e-02     2.495384e-04          1.3264e-02     6.1186e-03     3.7537e-02     
     65         1      5897      1.797e+02      1.811e+02     3.2596e-03     1.5259e-02     4.7823e-02      1.811e+02     1.1644e-02     4.1136e-02     2.495384e-04          2.1062e-03     7.7580e-03     3.1278e-02     

     66         0      5987      1.798e+02      1.811e+02     1.0714e-02     1.1360e-02     4.4758e-02      1.811e+02     1.2301e-02     3.9208e-02     2.126554e-04          9.5047e-03     5.1965e-03     3.3130e-02     
     66         1      6032      1.799e+02      1.811e+02     3.6391e-03     1.3576e-02     4.1723e-02      1.811e+02     1.1049e-02     3.5976e-02     2.126554e-04          2.1615e-03     6.9425e-03     2.8697e-02     

     67         0      6122      1.799e+02      1.811e+02     1.1109e-02     9.6712e-03     4.0077e-02      1.811e+02     1.2207e-02     3.4790e-02     1.996896e-04          1.0252e-02     5.0347e-03     2.9738e-02     
     67         1      6167      1.800e+02      1.811e+02     2.4541e-03     1.1948e-02     3.8145e-02      1.811e+02     8.8958e-03     3.2776e-02     1.996896e-04          1.6054e-03     6.3383e-03     2.5033e-02     

     68         0      6257      1.801e+02      1.811e+02     6.1617e-03     8.9616e-03     3.6201e-02      1.811e+02     7.7393e-03     3.1512e-02     1.786800e-04          5.6459e-03     4.4612e-03     2.6742e-02     
     68         1      6302      1.801e+02      1.811e+02     2.8960e-03     1.0429e-02     3.4124e-02      1.811e+02     7.9398e-03     2.9284e-02     1.786800e-04          1.8683e-03     5.4691e-03     2.3588e-02     

     69         0      6392      1.801e+02      1.811e+02     6.5568e-03     8.4580e-03     3.2533e-02      1.811e+02     7.8650e-03     2.7937e-02     1.726618e-04          5.5463e-03     4.1181e-03     2.4309e-02     
     69         1      6437      1.802e+02      1.811e+02     1.9454e-03     9.6084e-03     3.0916e-02      1.811e+02     6.7075e-03     2.6237e-02     1.726618e-04          1.2873e-03     5.2962e-03     2.0371e-02     

     70         0      6527      1.802e+02      1.811e+02     4.4888e-03     6.9090e-03     2.9089e-02      1.811e+02     5.8694e-03     2.5619e-02     1.315188e-04          3.8616e-03     3.6425e-03     2.1399e-02     
     70         1      6572      1.803e+02      1.811e+02     2.2948e-03     7.7816e-03     2.7493e-02      1.811e+02     6.1599e-03     2.3927e-02     1.315188e-04          1.7042e-03     4.3644e-03     1.9339e-02     

     71         0      6662      1.803e+02      1.810e+02     5.8146e-03     5.5590e-03     2.5742e-02      1.811e+02     6.8874e-03     2.3252e-02     9.447640e-05          4.8042e-03     3.2914e-03     1.9478e-02     
     71         1      6707      1.804e+02      1.810e+02     1.3535e-03     6.3152e-03     2.4673e-02      1.811e+02     5.0154e-03     2.2140e-02     9.447640e-05          1.0498e-03     3.9497e-03     1.7116e-02     

     72         0      6797      1.804e+02      1.810e+02     3.2831e-03     5.1555e-03     2.3097e-02      1.811e+02     5.0522e-03     2.0911e-02     8.482640e-05          2.8606e-03     3.0097e-03     1.7094e-02     
     72         1      6842      1.804e+02      1.810e+02     1.5447e-03     5.5933e-03     2.1941e-02      1.811e+02     4.7763e-03     1.9644e-02     8.482640e-05          8.5945e-04     3.3733e-03     1.5728e-02     

     73         0      6932      1.805e+02      1.810e+02     4.0802e-03     4.5557e-03     2.1076e-02      1.811e+02     5.1457e-03     1.9074e-02     7.630909e-05          3.5389e-03     2.8055e-03     1.5695e-02     
     73         1      6977      1.805e+02      1.810e+02     1.0132e-03     5.3100e-03     2.0165e-02      1.811e+02     4.4003e-03     1.8113e-02     7.630909e-05          6.6200e-04     3.2365e-03     1.4196e-02     

     74         0      7067      1.805e+02      1.810e+02     3.4366e-03     4.4322e-03     1.9023e-02      1.811e+02     4.8126e-03     1.7289e-02     6.659524e-05          2.9335e-03     2.5123e-03     1.3687e-02     
     74         1      7112      1.805e+02      1.810e+02     1.1502e-03     4.7756e-03     1.7937e-02      1.811e+02     4.0974e-03     1.6152e-02     6.659524e-05          6.8871e-04     3.1036e-03     1.2543e-02     

     75         0      7202      1.806e+02      1.810e+02     3.1122e-03     3.5402e-03     1.7080e-02      1.811e+02     3.9266e-03     1.5455e-02     6.160216e-05          2.5584e-03     2.1817e-03     1.2656e-02     
     75         1      7247      1.806e+02      1.810e+02     1.1143e-03     4.4114e-03     1.6000e-02      1.811e+02     3.8249e-03     1.4360e-02     6.160216e-05          6.7894e-04     2.8603e-03     1.0807e-02     

     76         0      7337      1.806e+02      1.810e+02     2.3779e-03     3.2671e-03     1.5237e-02      1.811e+02     3.2856e-03     1.3768e-02     5.522137e-05          1.9663e-03     1.8929e-03     1.1313e-02     
     76         1      7382      1.807e+02      1.810e+02     9.7187e-04     4.1049e-03     1.3925e-02      1.811e+02     3.5381e-03     1.2488e-02     5.522137e-05          5.5167e-04     2.6466e-03     9.2799e-03     

     77         0      7472      1.807e+02      1.810e+02     1.9344e-03     2.7905e-03     1.3123e-02      1.811e+02     2.7347e-03     1.1837e-02     4.846476e-05          1.5392e-03     1.5656e-03     9.8944e-03     
     77         1      7517      1.807e+02      1.810e+02     7.4681e-04     3.6499e-03     1.1988e-02      1.811e+02     3.0619e-03     1.0714e-02     4.846476e-05          4.4533e-04     2.1874e-03     7.9091e-03     

     78         0      7607      1.807e+02      1.810e+02     1.6917e-03     2.4331e-03     1.0805e-02      1.810e+02     2.5246e-03     9.8253e-03     3.721285e-05          1.0308e-03     1.5427e-03     7.5335e-03     
     78         1      7652      1.808e+02      1.810e+02     8.1416e-04     2.5810e-03     9.8820e-03      1.811e+02     2.3033e-03     8.9246e-03     3.721285e-05          4.6955e-04     1.8078e-03     6.6352e-03     

     79         0      7742      1.808e+02      1.810e+02     1.6416e-03     2.0146e-03     9.1465e-03      1.810e+02     2.1372e-03     8.2539e-03     3.361078e-05          1.1337e-03     1.0510e-03     6.7875e-03     
     79         1      7787      1.808e+02      1.810e+02     5.7180e-04     2.1847e-03     8.4929e-03      1.810e+02     1.9372e-03     7.6135e-03     3.361078e-05          3.5648e-04     1.4369e-03     5.7181e-03     

     80         0      7877      1.808e+02      1.810e+02     1.0223e-03     1.7120e-03     8.0944e-03      1.810e+02     1.5008e-03     7.2595e-03     3.105687e-05          7.2289e-04     9.7392e-04     6.2189e-03     
     80         1      7922      1.808e+02      1.810e+02     3.3915e-04     1.8027e-03     7.6360e-03      1.810e+02     1.4674e-03     6.8276e-03     3.105687e-05          2.1818e-04     1.2582e-03     5.2274e-03     

     81         0      8012      1.808e+02      1.810e+02     5.4596e-04     1.6467e-03     7.2205e-03      1.810e+02     1.2344e-03     6.4856e-03     2.761235e-05          4.0459e-04     8.9752e-04     5.4915e-03     
     81         1      8057      1.809e+02      1.810e+02     5.8455e-04     1.6950e-03     6.8517e-03      1.810e+02     1.5079e-03     6.1239e-03     2.761235e-05          3.5511e-04     1.1108e-03     4.7536e-03     

     82         0      8147      1.809e+02      1.810e+02     4.2642e-04     1.5731e-03     6.5023e-03      1.810e+02     1.2129e-03     5.8255e-03     2.534668e-05          2.9873e-04     9.5925e-04     5.0132e-03     
     82         1      8192      1.809e+02      1.810e+02     5.2057e-04     1.5231e-03     6.1963e-03      1.810e+02     1.2280e-03     5.5248e-03     2.534668e-05          2.9866e-04     9.9543e-04     4.3177e-03     

     83         0      8282      1.809e+02      1.810e+02     5.4057e-04     1.3159e-03     5.9317e-03      1.810e+02     1.0491e-03     5.3341e-03     2.255125e-05          3.8752e-04     7.8058e-04     4.4072e-03     
     83         1      8327      1.809e+02      1.810e+02     4.4359e-04     1.3482e-03     5.6767e-03      1.810e+02     1.0999e-03     5.0782e-03     2.255125e-05          3.0056e-04     8.6059e-04     4.0230e-03     

     84         0      8417      1.809e+02      1.810e+02     5.0972e-04     1.2632e-03     5.4626e-03      1.810e+02     1.0408e-03     4.9044e-03     2.102709e-05          3.3433e-04     7.2195e-04     4.1052e-03     
     84         1      8462      1.809e+02      1.810e+02     4.2263e-04     1.1687e-03     5.2617e-03      1.810e+02     9.6154e-04     4.7029e-03     2.102709e-05          3.1550e-04     7.8371e-04     3.7135e-03     

     85         0      8552      1.809e+02      1.810e+02     4.2481e-04     1.1993e-03     5.1023e-03      1.810e+02     9.1464e-04     4.5798e-03     1.962868e-05          3.0287e-04     7.0254e-04     3.8035e-03     
     85         1      8597      1.809e+02      1.810e+02     4.0925e-04     1.1043e-03     4.9175e-03      1.810e+02     9.4993e-04     4.3957e-03     1.962868e-05          2.9519e-04     7.0557e-04     3.4826e-03     

     86         0      8687      1.809e+02      1.810e+02     3.9854e-04     1.1199e-03     4.7465e-03      1.810e+02     8.7097e-04     4.2635e-03     1.824549e-05          2.4568e-04     6.9278e-04     3.5069e-03     
     86         1      8732      1.809e+02      1.810e+02     4.8199e-04     9.7854e-04     4.5855e-03      1.810e+02     8.2645e-04     4.1001e-03     1.824549e-05          3.4918e-04     6.6859e-04     3.1794e-03     

     87         0      8822      1.809e+02      1.810e+02     4.2181e-04     1.0894e-03     4.4150e-03      1.810e+02     8.5066e-04     3.9352e-03     1.811607e-05          2.2602e-04     6.7615e-04     3.2051e-03     
     87         1      8867      1.809e+02      1.810e+02     4.7570e-04     9.9681e-04     4.2571e-03      1.810e+02     8.0715e-04     3.7724e-03     1.811607e-05          3.4250e-04     6.3273e-04     2.9010e-03     

     88         0      8957      1.809e+02      1.810e+02     3.8802e-04     9.6556e-04     4.1038e-03      1.810e+02     7.5065e-04     3.6830e-03     1.589575e-05          2.1601e-04     6.3485e-04     2.9730e-03     
     88         1      9002      1.809e+02      1.810e+02     4.0796e-04     9.3289e-04     3.9384e-03      1.810e+02     7.6106e-04     3.5138e-03     1.589575e-05          3.1319e-04     5.8194e-04     2.6779e-03     

     89         0      9092      1.809e+02      1.810e+02     4.0341e-04     9.8276e-04     3.7367e-03      1.810e+02     8.1094e-04     3.3514e-03     1.465476e-05          2.3514e-04     5.9480e-04     2.6776e-03     
     89         1      9137      1.809e+02      1.810e+02     5.2465e-04     7.5987e-04     3.5675e-03      1.810e+02     7.5454e-04     3.1734e-03     1.465476e-05          3.5910e-04     5.1497e-04     2.4588e-03     

     90         0      9227      1.809e+02      1.810e+02     3.2950e-04     8.0830e-04     3.4468e-03      1.810e+02     6.1604e-04     3.0754e-03     1.405073e-05          1.9521e-04     5.1947e-04     2.5135e-03     
     90         1      9272      1.809e+02      1.810e+02     4.0605e-04     7.4030e-04     3.2917e-03      1.810e+02     6.5637e-04     2.9109e-03     1.405073e-05          2.9304e-04     4.6629e-04     2.2489e-03     

     91         0      9362      1.810e+02      1.810e+02     2.8250e-04     7.3855e-04     3.1802e-03      1.810e+02     5.3636e-04     2.8075e-03     1.397282e-05          1.5389e-04     4.6533e-04     2.3238e-03     
     91         1      9407      1.810e+02      1.810e+02     3.6543e-04     7.0778e-04     3.0014e-03      1.810e+02     6.1864e-04     2.6242e-03     1.397282e-05          2.6944e-04     4.2744e-04     2.0128e-03     

     92         0      9497      1.810e+02      1.810e+02     2.5180e-04     6.4393e-04     2.8714e-03      1.810e+02     4.7416e-04     2.5612e-03     1.158263e-05          1.4686e-04     4.2390e-04     2.0924e-03     
     92         1      9542      1.810e+02      1.810e+02     3.5394e-04     6.0057e-04     2.6605e-03      1.810e+02     5.8037e-04     2.3555e-03     1.158263e-05          2.6741e-04     3.7517e-04     1.7506e-03     

     93         0      9632      1.810e+02      1.810e+02     2.2653e-04     5.8356e-04     2.5255e-03      1.810e+02     4.3898e-04     2.2440e-03     1.059951e-05          1.3323e-04     3.8226e-04     1.8307e-03     
     93         1      9677      1.810e+02      1.810e+02     3.1083e-04     4.8900e-04     2.3176e-03      1.810e+02     5.0032e-04     2.0346e-03     1.059951e-05          2.1601e-04     3.3487e-04     1.4386e-03     

     94         0      9767      1.810e+02      1.810e+02     1.9963e-04     5.0174e-04     2.1721e-03      1.810e+02     3.7138e-04     1.9314e-03     8.962751e-06          1.3189e-04     3.3375e-04     1.5356e-03     
     94         1      9812      1.810e+02      1.810e+02     3.4513e-04     5.3549e-04     1.9967e-03      1.810e+02     5.7302e-04     1.7609e-03     8.962751e-06          2.3564e-04     3.0207e-04     1.3065e-03     

     95         0      9902      1.810e+02      1.810e+02     1.8692e-04     4.5986e-04     1.9311e-03      1.810e+02     3.3766e-04     1.7118e-03     8.325152e-06          1.0186e-04     3.0026e-04     1.3863e-03     
     95         1      9947      1.810e+02      1.810e+02     2.1068e-04     4.0639e-04     1.8639e-03      1.810e+02     3.6984e-04     1.6344e-03     8.325152e-06          1.3994e-04     2.7643e-04     1.2550e-03     

     96         0     10037      1.810e+02      1.810e+02     2.1836e-04     4.3226e-04     1.7912e-03      1.810e+02     3.3949e-04     1.5832e-03     7.780069e-06          1.4450e-04     2.7003e-04     1.2826e-03     
     96         1     10082      1.810e+02      1.810e+02     2.5417e-04     3.7404e-04     1.7181e-03      1.810e+02     3.6972e-04     1.5063e-03     7.780069e-06          1.7388e-04     2.6553e-04     1.1720e-03     

     97         0     10172      1.810e+02      1.810e+02     1.2189e-04     3.9734e-04     1.6649e-03      1.810e+02     2.5787e-04     1.4655e-03     7.505205e-06          7.8129e-05     2.2947e-04     1.2246e-03     
     97         1     10217      1.810e+02      1.810e+02     1.8063e-04     3.4068e-04     1.6008e-03      1.810e+02     3.1689e-04     1.3903e-03     7.505205e-06          9.8473e-05     2.3926e-04     1.1001e-03     

     98         0     10307      1.810e+02      1.810e+02     1.5576e-04     3.6591e-04     1.5397e-03      1.810e+02     2.6157e-04     1.3481e-03     7.122576e-06          1.0277e-04     2.1519e-04     1.1426e-03     
     98         1     10352      1.810e+02      1.810e+02     1.5528e-04     3.3750e-04     1.4518e-03      1.810e+02     3.1958e-04     1.2578e-03     7.122576e-06          1.0527e-04     2.4005e-04     9.3859e-04     

     99         0     10442      1.810e+02      1.810e+02     1.4150e-04     3.3153e-04     1.3992e-03      1.810e+02     2.3012e-04     1.2188e-03     6.645337e-06          1.0007e-04     1.9425e-04     1.0420e-03     
     99         1     10487      1.810e+02      1.810e+02     1.2942e-04     3.4333e-04     1.3082e-03      1.810e+02     3.0872e-04     1.1335e-03     6.645337e-06          9.1398e-05     2.2670e-04     8.3445e-04     

    100         0     10577      1.810e+02      1.810e+02     1.1069e-04     3.2550e-04     1.2605e-03      1.810e+02     2.1943e-04     1.0931e-03     6.152984e-06          8.6366e-05     1.7525e-04     9.3421e-04     
    100         1     10622      1.810e+02      1.810e+02     1.0843e-04     2.9761e-04     1.2035e-03      1.810e+02     2.2942e-04     1.0406e-03     6.152984e-06          6.4715e-05     2.0110e-04     7.8359e-04     

    101         0     10712      1.810e+02      1.810e+02     1.0067e-04     3.0249e-04     1.1613e-03      1.810e+02     1.9598e-04     1.0023e-03     5.841462e-06          6.6885e-05     1.5773e-04     8.7257e-04     
    101         1     10757      1.810e+02      1.810e+02     1.0356e-04     2.8281e-04     1.1106e-03      1.810e+02     2.0401e-04     9.5524e-04     5.841462e-06          5.9902e-05     1.8652e-04     7.2061e-04     

    102         0     10847      1.810e+02      1.810e+02     9.3460e-05     2.8044e-04     1.0682e-03      1.810e+02     1.7226e-04     9.1604e-04     5.539506e-06          7.3863e-05     1.3611e-04     8.0543e-04     
    102         1     10892      1.810e+02      1.810e+02     1.0226e-04     2.7098e-04     1.0168e-03      1.810e+02     1.9692e-04     8.6795e-04     5.539506e-06          6.0867e-05     1.6561e-04     6.7930e-04     

    103         0     10982      1.810e+02      1.810e+02     9.0968e-05     2.6586e-04     9.7254e-04      1.810e+02     1.6238e-04     8.2835e-04     5.219086e-06          4.6252e-05     1.1729e-04     7.3794e-04     
    103         1     11027      1.810e+02      1.810e+02     1.1549e-04     2.6059e-04     9.0247e-04      1.810e+02     1.8919e-04     7.6268e-04     5.219086e-06          5.8930e-05     1.5338e-04     5.7958e-04     

    104         0     11117      1.810e+02      1.810e+02     4.8677e-05     2.1800e-04     8.6375e-04      1.810e+02     1.1388e-04     7.3056e-04     4.840319e-06          3.5987e-05     1.0550e-04     6.5628e-04     
    104         1     11162      1.810e+02      1.810e+02     9.2845e-05     2.4408e-04     7.9742e-04      1.810e+02     1.6465e-04     6.6740e-04     4.840319e-06          6.0620e-05     1.3736e-04     4.9966e-04     

    105         0     11252      1.810e+02      1.810e+02     7.3741e-05     2.0352e-04     7.5959e-04      1.810e+02     1.1135e-04     6.3681e-04     4.442265e-06          4.7657e-05     9.4645e-05     5.7180e-04     
    105         1     11297      1.810e+02      1.810e+02     5.2861e-05     2.1778e-04     6.9557e-04      1.810e+02     1.2461e-04     5.7868e-04     4.442265e-06          2.9248e-05     1.2532e-04     4.0916e-04     

    106         0     11387      1.810e+02      1.810e+02     5.5615e-05     1.8287e-04     6.5762e-04      1.810e+02     9.7699e-05     5.4479e-04     4.067306e-06          3.6858e-05     8.6116e-05     4.9223e-04     
    106         1     11432      1.810e+02      1.810e+02     3.4657e-05     2.0134e-04     6.1113e-04      1.810e+02     1.0416e-04     5.0423e-04     4.067306e-06          1.8716e-05     1.1177e-04     3.6555e-04     

    107         0     11522      1.810e+02      1.810e+02     5.2958e-05     1.7330e-04     5.7301e-04      1.810e+02     9.2510e-05     4.6673e-04     3.782544e-06          4.0936e-05     7.2509e-05     4.3078e-04     
    107         1     11567      1.810e+02      1.810e+02     4.2501e-05     1.8974e-04     5.2621e-04      1.810e+02     9.7859e-05     4.2739e-04     3.782544e-06          2.8958e-05     9.3701e-05     3.3684e-04     

    108         0     11657      1.810e+02      1.810e+02     4.0207e-05     1.5094e-04     5.0269e-04      1.810e+02     6.9269e-05     4.0177e-04     3.538512e-06          2.8162e-05     6.0468e-05     3.7878e-04     
    108         1     11702      1.810e+02      1.810e+02     3.5586e-05     1.7502e-04     4.5808e-04      1.810e+02     8.5977e-05     3.6424e-04     3.538512e-06          2.4938e-05     8.2061e-05     2.8914e-04     

    109         0     11792      1.810e+02      1.810e+02     2.1876e-05     1.3595e-04     4.3315e-04      1.810e+02     5.6070e-05     3.3930e-04     3.267112e-06          1.3444e-05     5.4905e-05     3.2138e-04     
    109         1     11837      1.810e+02      1.810e+02     2.9978e-05     1.5766e-04     3.9308e-04      1.810e+02     7.5874e-05     3.0734e-04     3.267112e-06          1.8810e-05     6.4361e-05     2.6510e-04     

    110         0     11927      1.810e+02      1.810e+02     2.8019e-05     1.3344e-04     3.8547e-04      1.810e+02     4.7612e-05     3.0101e-04     2.972191e-06          2.2014e-05     5.7319e-05     2.5934e-04     
    110         1     11972      1.810e+02      1.810e+02     1.8108e-05     1.4406e-04     3.6907e-04      1.810e+02     5.7829e-05     2.8718e-04     2.972191e-06          9.1810e-06     5.4795e-05     2.6047e-04     

    111         0     12062      1.810e+02      1.810e+02     2.5681e-05     1.2611e-04     3.6145e-04      1.810e+02     4.8908e-05     2.7946e-04     2.892201e-06          1.8599e-05     5.5015e-05     2.4218e-04     
    111         1     12107      1.810e+02      1.810e+02     1.9445e-05     1.3923e-04     3.4993e-04      1.810e+02     4.9857e-05     2.6891e-04     2.892201e-06          1.1498e-05     5.0158e-05     2.4902e-04     

    112         0     12197      1.810e+02      1.810e+02     2.6945e-05     1.2144e-04     3.3927e-04      1.810e+02     4.7985e-05     2.5991e-04     2.802450e-06          1.7844e-05     5.3688e-05     2.2301e-04     
    112         1     12242      1.810e+02      1.810e+02     1.9332e-05     1.3152e-04     3.2825e-04      1.810e+02     4.4007e-05     2.4973e-04     2.802450e-06          1.2405e-05     4.5682e-05     2.3588e-04     

    113         0     12332      1.810e+02      1.810e+02     2.0875e-05     1.1978e-04     3.1286e-04      1.810e+02     4.9515e-05     2.3728e-04     2.677564e-06          1.1759e-05     5.3580e-05     1.9611e-04     
    113         1     12377      1.810e+02      1.810e+02     1.9659e-05     1.3169e-04     2.7659e-04      1.810e+02     6.0530e-05     2.0228e-04     2.677564e-06          1.1131e-05     4.0267e-05     2.0216e-04     

    114         0     12467      1.810e+02      1.810e+02     2.6888e-05     1.0919e-04     2.5953e-04      1.810e+02     4.4158e-05     1.8216e-04     2.567396e-06          1.2401e-05     3.6861e-05     1.7255e-04     
    114         1     12512      1.810e+02      1.810e+02     1.3972e-05     1.1660e-04     2.5089e-04      1.810e+02     2.9539e-05     1.7629e-04     2.567396e-06          9.0801e-06     3.7479e-05     1.6669e-04     

    115         0     12602      1.810e+02      1.810e+02     2.1494e-05     9.6147e-05     2.4045e-04      1.810e+02     3.6360e-05     1.6807e-04     2.459563e-06          1.2153e-05     3.9280e-05     1.4976e-04     
    115         1     12647      1.810e+02      1.810e+02     1.1473e-05     1.0904e-04     2.3528e-04      1.810e+02     2.5711e-05     1.6336e-04     2.459563e-06          8.0902e-06     3.4247e-05     1.5776e-04     

    116         0     12737      1.810e+02      1.810e+02     2.7487e-05     9.1801e-05     2.1712e-04      1.810e+02     4.2163e-05     1.4922e-04     2.336429e-06          1.6604e-05     3.7976e-05     1.2369e-04     
    116         1     12782      1.810e+02      1.810e+02     1.0397e-05     1.0573e-04     2.1057e-04      1.810e+02     2.3508e-05     1.4097e-04     2.336429e-06          5.7615e-06     2.9940e-05     1.4003e-04     

    117         0     12872      1.810e+02      1.810e+02     1.4006e-05     9.8891e-05     1.9162e-04      1.810e+02     2.9586e-05     1.3022e-04     2.271404e-06          8.7521e-06     3.4759e-05     1.0956e-04     
    117         1     12917      1.810e+02      1.810e+02     8.4396e-06     9.5997e-05     1.8753e-04      1.810e+02     2.0883e-05     1.2123e-04     2.271404e-06          4.9123e-06     3.1057e-05     1.2516e-04     

    118         0     13007      1.810e+02      1.810e+02     1.0695e-05     9.7392e-05     1.8062e-04      1.810e+02     2.1534e-05     1.1422e-04     2.261013e-06          5.3894e-06     2.8782e-05     1.0745e-04     
    118         1     13052      1.810e+02      1.810e+02     7.5092e-06     9.8474e-05     1.7669e-04      1.810e+02     1.6248e-05     1.1029e-04     2.261013e-06          5.5805e-06     2.8657e-05     1.0545e-04     

    119         0     13142      1.810e+02      1.810e+02     1.2142e-05     1.0194e-04     1.6646e-04      1.810e+02     2.5423e-05     1.0117e-04     2.227973e-06          8.2934e-06     3.3747e-05     9.9921e-05     
    119         1     13187      1.810e+02      1.810e+02     7.3600e-06     9.3264e-05     1.6293e-04      1.810e+02     1.3130e-05     9.7042e-05     2.227973e-06          5.5215e-06     2.6078e-05     9.3779e-05     

    120         0     13277      1.810e+02      1.810e+02     6.0965e-06     9.6635e-05     1.5996e-04      1.810e+02     1.1630e-05     9.5975e-05     2.197461e-06          3.4457e-06     2.6024e-05     9.3635e-05     
    120         1     13322      1.810e+02      1.810e+02     8.2506e-06     9.2674e-05     1.5903e-04      1.810e+02     1.2371e-05     9.3957e-05     2.197461e-06          6.1590e-06     2.5401e-05     9.0402e-05     

    121         0     13412      1.810e+02      1.810e+02     5.6113e-06     9.5047e-05     1.5575e-04      1.810e+02     1.0452e-05     9.2911e-05     2.174270e-06          3.5423e-06     2.6001e-05     8.8710e-05     
    121         1     13457      1.810e+02      1.810e+02     1.0232e-05     9.0923e-05     1.5420e-04      1.810e+02     1.4425e-05     8.9265e-05     2.174270e-06          6.6026e-06     2.3666e-05     8.8083e-05     

    122         0     13547      1.810e+02      1.810e+02     9.2579e-06     9.3007e-05     1.4459e-04      1.810e+02     1.3959e-05     8.5320e-05     2.118334e-06          5.4021e-06     2.5329e-05     7.6911e-05     
    122         1     13592      1.810e+02      1.810e+02     7.9554e-06     8.9580e-05     1.4426e-04      1.810e+02     1.3167e-05     8.0549e-05     2.118334e-06          5.0648e-06     2.4928e-05     8.6052e-05     

    123         0     13682      1.810e+02      1.810e+02     5.3300e-06     8.4635e-05     1.1965e-04      1.810e+02     1.0763e-05     6.8042e-05     2.016089e-06          3.5843e-06     2.3831e-05     5.5048e-05     
    123         1     13727      1.810e+02      1.810e+02     5.1388e-06     8.5604e-05     1.1841e-04      1.810e+02     8.3620e-06     6.4904e-05     2.016089e-06          3.3990e-06     2.2135e-05     5.4174e-05     

    124         0     13817      1.810e+02      1.810e+02     3.2592e-06     6.9631e-05     1.1260e-04      1.810e+02     1.0246e-05     7.1143e-05     1.521084e-06          1.7006e-06     2.0613e-05     5.7013e-05     
    124         1     13862      1.810e+02      1.810e+02     7.5798e-06     6.6151e-05     1.0505e-04      1.810e+02     1.6517e-05     5.7484e-05     1.521084e-06          4.9402e-06     1.7469e-05     6.5726e-05     

    125         0     13952      1.810e+02      1.810e+02     8.8166e-06     5.8981e-05     8.7025e-05      1.810e+02     1.9710e-05     4.4935e-05     1.472356e-06          6.8068e-06     1.9337e-05     5.1666e-05     
    125         1     13997      1.810e+02      1.810e+02     5.7975e-06     6.0031e-05     8.6535e-05      1.810e+02     1.4391e-05     4.3399e-05     1.472356e-06          3.2816e-06     1.5706e-05     4.9399e-05     

    126         0     14087      1.810e+02      1.810e+02     6.8163e-06     5.0659e-05     8.3859e-05      1.810e+02     1.3351e-05     4.8765e-05     1.144535e-06          4.0599e-06     1.9337e-05     4.8230e-05     
    126         1     14132      1.810e+02      1.810e+02     4.3644e-06     4.8781e-05     7.9519e-05      1.810e+02     1.0831e-05     4.6327e-05     1.144535e-06          2.3617e-06     1.4398e-05     4.6629e-05     

    127         0     14222      1.810e+02      1.810e+02     4.7791e-06     5.0682e-05     8.0223e-05      1.810e+02     1.1516e-05     4.6247e-05     1.140770e-06          2.4511e-06     1.9337e-05     4.6676e-05     
    127         1     14267      1.810e+02      1.810e+02     4.3423e-06     4.9290e-05     7.8136e-05      1.810e+02     8.6813e-06     4.4887e-05     1.140770e-06          1.9930e-06     1.3550e-05     4.3425e-05     

    128         0     14357      1.810e+02      1.810e+02     3.9940e-06     4.7353e-05     7.7045e-05      1.810e+02     1.1885e-05     4.7429e-05     1.000400e-06          1.9412e-06     1.9337e-05     4.3783e-05     
    128         1     14402      1.810e+02      1.810e+02     4.1059e-06     4.4595e-05     7.2665e-05      1.810e+02     9.4857e-06     4.3425e-05     1.000400e-06          2.7501e-06     1.3446e-05     4.4058e-05     

    129         0     14492      1.810e+02      1.810e+02     4.0865e-06     4.6588e-05     7.1637e-05      1.810e+02     1.2110e-05     4.1751e-05     9.789903e-07          3.0888e-06     1.9337e-05     4.0356e-05     
    129         1     14537      1.810e+02      1.810e+02     2.6306e-06     4.1976e-05     6.8800e-05      1.810e+02     3.8482e-06     4.0139e-05     9.789903e-07          1.8482e-06     1.0843e-05     3.9246e-05     

    130         0     14627      1.810e+02      1.810e+02     2.4437e-06     4.4744e-05     6.7625e-05      1.810e+02     1.2617e-05     4.1067e-05     8.901807e-07          1.3848e-06     1.9337e-05     3.7630e-05     
    130         1     14672      1.810e+02      1.810e+02     3.0156e-06     3.6808e-05     6.4442e-05      1.810e+02     7.0376e-06     3.7489e-05     8.901807e-07          2.0162e-06     9.8567e-06     3.9978e-05     

    131         0     14762      1.810e+02      1.810e+02     4.9438e-06     4.0561e-05     5.5803e-05      1.810e+02     1.5719e-05     3.0435e-05     8.875095e-07          2.8364e-06     1.9337e-05     2.7633e-05     
    131         1     14807      1.810e+02      1.810e+02     2.9129e-06     3.6423e-05     5.4098e-05      1.810e+02     6.3763e-06     2.8833e-05     8.875095e-07          2.0423e-06     9.4021e-06     2.8963e-05     

    132         0     14897      1.810e+02      1.810e+02     2.8190e-06     3.8299e-05     5.2348e-05      1.810e+02     1.6955e-05     3.4036e-05     6.282812e-07          1.5106e-06     1.9337e-05     2.7976e-05     
    132         1     14942      1.810e+02      1.810e+02     2.9971e-06     2.7934e-05     4.8831e-05      1.810e+02     7.0955e-06     2.9560e-05     6.282812e-07          1.8094e-06     8.0571e-06     3.1018e-05     

    133         0     15032      1.810e+02      1.810e+02     3.3990e-06     3.6102e-05     4.6094e-05      1.810e+02     1.8169e-05     2.9891e-05     5.643890e-07          2.5859e-06     1.9337e-05     2.8262e-05     
    133         1     15077      1.810e+02      1.810e+02     1.7733e-06     2.4144e-05     4.5095e-05      1.810e+02     3.5664e-06     2.8178e-05     5.643890e-07          1.1375e-06     6.9927e-06     2.7999e-05     

    134         0     15167      1.810e+02      1.810e+02     2.3455e-06     3.5674e-05     4.4583e-05      1.810e+02     1.8418e-05     2.9115e-05     5.304771e-07          1.6127e-06     1.9337e-05     2.6870e-05     
    134         1     15212      1.810e+02      1.810e+02     2.3489e-06     2.2780e-05     4.3218e-05      1.810e+02     3.9610e-06     2.7311e-05     5.304771e-07          1.5345e-06     6.5699e-06     2.7351e-05     

    135         0     15302      1.810e+02      1.810e+02     1.9445e-06     3.5333e-05     4.2480e-05      1.810e+02     1.8792e-05     2.7682e-05     5.119293e-07          1.4791e-06     1.9337e-05     2.4993e-05     
    135         1     15347      1.810e+02      1.810e+02     2.9429e-06     2.1793e-05     4.0820e-05      1.810e+02     4.7122e-06     2.5256e-05     5.119293e-07          2.0342e-06     6.3458e-06     2.6611e-05     

    136         0     15437      1.810e+02      1.810e+02     2.0362e-06     3.5136e-05     3.7557e-05      1.810e+02     1.9421e-05     2.3890e-05     4.898610e-07          1.0889e-06     1.9337e-05     2.1042e-05     
    136         1     15482      1.810e+02      1.810e+02     2.7389e-06     2.0665e-05     3.5757e-05      1.810e+02     4.0638e-06     2.1167e-05     4.898610e-07          1.5334e-06     6.2599e-06     2.1106e-05     

    137         0     15572      1.810e+02      1.810e+02     2.3499e-06     3.4541e-05     3.2952e-05      1.810e+02     1.9631e-05     1.9380e-05     4.776873e-07          1.2720e-06     1.9338e-05     1.7066e-05     
    137         1     15617      1.810e+02      1.810e+02     1.4675e-06     2.0937e-05     3.1603e-05      1.810e+02     2.1587e-06     1.7773e-05     4.776873e-07          8.7927e-07     5.4723e-06     1.6901e-05     

    138         0     15707      1.810e+02      1.810e+02     1.8189e-06     3.1869e-05     3.0523e-05      1.810e+02     2.4725e-05     2.3455e-05     2.416627e-07          1.1857e-06     1.9338e-05     1.7885e-05     
    138         1     15752      1.810e+02      1.810e+02     1.3642e-06     1.2342e-05     2.7027e-05      1.810e+02     4.9781e-06     1.9639e-05     2.416627e-07          1.1025e-06     4.4250e-06     1.9051e-05     

    139         0     15842      1.810e+02      1.810e+02     2.2043e-06     3.0982e-05     2.6961e-05      1.810e+02     2.5546e-05     2.1227e-05     1.963837e-07          1.5180e-06     1.9338e-05     1.8135e-05     
    139         1     15887      1.810e+02      1.810e+02     1.0407e-06     9.2125e-06     2.4768e-05      1.810e+02     3.5114e-06     1.8950e-05     1.963837e-07          6.4081e-07     3.4099e-06     1.8189e-05     

    140         0     15977      1.810e+02      1.810e+02     2.0287e-06     3.0676e-05     2.4471e-05      1.810e+02     2.7076e-05     2.0717e-05     1.323031e-07          1.7294e-06     1.9338e-05     1.6169e-05     
    140         1     16022      1.810e+02      1.810e+02     2.2446e-06     6.3828e-06     2.1938e-05      1.810e+02     3.7907e-06     1.8124e-05     1.323031e-07          1.4186e-06     2.8370e-06     1.6621e-05     

    141         0     16112      1.810e+02      1.810e+02     1.8516e-06     3.0469e-05     2.2230e-05      1.810e+02     2.7490e-05     1.9069e-05     1.128652e-07          1.1337e-06     1.9338e-05     1.5047e-05     
    141         1     16157      1.810e+02      1.810e+02     1.6303e-06     5.1888e-06     2.0062e-05      1.810e+02     3.1896e-06     1.6878e-05     1.128652e-07          8.3203e-07     2.6435e-06     1.5033e-05     

    142         0     16247      1.810e+02      1.810e+02     1.8155e-06     3.0433e-05     2.0679e-05      1.810e+02     2.7478e-05     1.7521e-05     1.128008e-07          1.3487e-06     1.9338e-05     1.4204e-05     
    142         1     16292      1.810e+02      1.810e+02     1.6722e-06     5.0277e-06     1.8707e-05      1.810e+02     2.8544e-06     1.5534e-05     1.128008e-07          9.0995e-07     2.6195e-06     1.3549e-05     

    143         0     16382      1.810e+02      1.810e+02     2.0222e-06     3.0299e-05     1.9104e-05      1.810e+02     2.8619e-05     1.7269e-05     6.549922e-08          1.3666e-06     1.9338e-05     1.3003e-05     
    143         1     16427      1.810e+02      1.810e+02     1.5958e-06     3.6522e-06     1.6972e-05      1.810e+02     2.9258e-06     1.5155e-05     6.549922e-08          9.4522e-07     2.3276e-06     1.2608e-05     

    144         0     16517      1.810e+02      1.810e+02     2.0203e-06     3.0224e-05     1.7680e-05      1.810e+02     3.0291e-05     1.7680e-05     0.000000e+00          1.3509e-06     1.9338e-05     1.2216e-05     
    144         1     16562      1.810e+02      1.810e+02     1.3688e-06     2.8046e-06     1.5393e-05      1.810e+02     3.1208e-06     1.5393e-05     0.000000e+00          9.1875e-07     2.0759e-06     1.1802e-05     
    144         2     16607      1.810e+02      1.810e+02     1.7756e-06     3.0153e-06     1.4407e-05      1.810e+02     3.4992e-06     1.4407e-05     0.000000e+00          1.1250e-06     1.7052e-06     1.0521e-05     
    144         3     16652      1.810e+02      1.810e+02     1.3060e-06     2.5805e-06     1.3650e-05      1.810e+02     2.8922e-06     1.3650e-05     0.000000e+00          9.9042e-07     1.8950e-06     1.0312e-05     
    144         4     16697      1.810e+02      1.810e+02     1.3392e-06     2.4740e-06     1.3200e-05      1.810e+02     2.8132e-06     1.3200e-05     0.000000e+00          8.9379e-07     1.6024e-06     9.9622e-06     
    144         5     16742      1.810e+02      1.810e+02     1.2672e-06     2.4811e-06     1.2577e-05      1.810e+02     2.7860e-06     1.2577e-05     0.000000e+00          9.1615e-07     1.7512e-06     9.4488e-06     
