# Kona Param. Contn. convergence history (opt tol = 1.732051e-07 | feas tol = 2.109502e-06)
# outer     inner      cost      objective     lagrangian       opt 2norm     S*Lam 2norm      feas 2norm       homotopy        hom opt       hom feas     mu               opt infty     S*Lam infty      feas infty     
      0         0         1      0.000e+00      0.000e+00     1.7321e+00     0.0000e+00     2.1095e+01     0.0000e+00     0.0000e+00     0.0000e+00     1.0000          1.0000e+00     0.0000e+00     1.0000e+01     

      1         0        10     -7.068e-03      1.024e+00     1.7227e+00     4.9327e-01     2.1096e+01      1.211e-03     1.1653e-03     6.6830e-03     9.976404e-01          1.0118e+00     2.3596e-01     1.0002e+01     
      1         1        19     -7.023e-03      1.045e+00     1.7182e+00     4.9891e-01     2.1094e+01      1.234e-03     1.9014e-07     5.2259e-07     9.976404e-01          1.0355e+00     2.3655e-01     1.0002e+01     

      2         0        28     -3.247e-02      4.801e+00     1.6910e+00     2.3122e+00     2.1087e+01      2.668e-02     1.5904e-02     3.1281e-02     9.889798e-01          1.0552e+00     1.1064e+00     1.0005e+01     
      2         1        37     -3.182e-02      4.914e+00     1.6878e+00     2.3450e+00     2.1068e+01      2.742e-02     1.5547e-05     5.4018e-05     9.889798e-01          1.1660e+00     1.1126e+00     9.9959e+00     

      3         0        46     -5.572e-02      8.553e+00     1.6638e+00     4.1188e+00     2.1024e+01      8.581e-02     1.8519e-02     5.4525e-02     9.805027e-01          1.0981e+00     1.9725e+00     9.9811e+00     
      3         1        55     -5.458e-02      8.720e+00     1.6900e+00     4.1622e+00     2.1005e+01      8.838e-02     6.4883e-05     3.0089e-04     9.805027e-01          1.2920e+00     1.9761e+00     9.9716e+00     

      4         0        64     -7.821e-02      1.242e+01     1.6406e+00     5.9828e+00     2.0921e+01      1.882e-01     2.8945e-02     7.7111e-02     9.717232e-01          1.1421e+00     2.8660e+00     9.9371e+00     
      4         1        75     -7.652e-02      1.264e+01     1.7212e+00     6.0352e+00     2.0901e+01      1.937e-01     3.8013e-04     5.7861e-05     9.717232e-01          1.4148e+00     2.8648e+00     9.9270e+00     

      5         0        84     -1.010e-01      1.660e+01     1.6200e+00     7.9999e+00     2.0765e+01      3.578e-01     4.7569e-02     9.9371e-02     9.620843e-01          1.1877e+00     3.8305e+00     9.8671e+00     
      5         1        97     -9.908e-02      1.685e+01     1.7818e+00     8.0598e+00     2.0741e+01      3.686e-01     6.0776e-05     1.3741e-05     9.620843e-01          1.5392e+00     3.8254e+00     9.8550e+00     

      6         0       110     -1.231e-01      2.122e+01     1.6055e+00     1.0237e+01     2.0533e+01      6.407e-01     7.3902e-02     1.2065e-01     9.511111e-01          1.2382e+00     4.8952e+00     9.7603e+00     
      6         1       123     -1.223e-01      2.149e+01     1.8687e+00     1.0294e+01     2.0504e+01      6.598e-01     1.3464e-04     4.3686e-05     9.511111e-01          1.6616e+00     4.8848e+00     9.7479e+00     

      7         0       136     -1.488e-01      2.658e+01     1.5931e+00     1.2840e+01     2.0181e+01      1.146e+00     1.1173e-01     1.3997e-01     9.376922e-01          1.2932e+00     6.1372e+00     9.6098e+00     
      7         1       149     -1.477e-01      2.681e+01     1.9768e+00     1.2879e+01     2.0142e+01      1.182e+00     3.5779e-04     1.3710e-04     9.376922e-01          1.7786e+00     6.1150e+00     9.5925e+00     

      8         0       162     -1.770e-01      3.277e+01     1.5867e+00     1.5869e+01     1.9639e+01      2.102e+00     1.6206e-01     1.5349e-01     9.206807e-01          1.3527e+00     7.5798e+00     9.3744e+00     
      8         1       175     -1.755e-01      3.287e+01     2.0860e+00     1.5857e+01     1.9585e+01      2.171e+00     9.3525e-04     4.0368e-04     9.206807e-01          1.8723e+00     7.5325e+00     9.3503e+00     

      9         0       188     -2.087e-01      3.981e+01     1.5879e+00     1.9365e+01     1.8779e+01      4.054e+00     2.2573e-01     1.5531e-01     8.978323e-01          1.4130e+00     9.2353e+00     8.9943e+00     
      9         1       203     -2.074e-01      3.963e+01     2.1563e+00     1.9237e+01     1.8706e+01      4.191e+00     1.3050e-03     1.6907e-03     8.978323e-01          1.9116e+00     9.1368e+00     8.9604e+00     

     10         0       216     -2.455e-01      4.711e+01     1.5318e+00     2.3120e+01     1.7376e+01      8.345e+00     3.0964e-01     1.4579e-01     8.651599e-01          1.3919e+00     1.0985e+01     8.3612e+00     
     10         1       233     -2.448e-01      4.636e+01     2.1257e+00     2.2739e+01     1.7292e+01      8.587e+00     2.8581e-03     4.4062e-04     8.651599e-01          1.8523e+00     1.0788e+01     8.3208e+00     

     11         0       248     -2.935e-01      5.231e+01     1.4097e+00     2.6158e+01     1.5074e+01      1.803e+01     3.9698e-01     1.2063e-01     8.155580e-01          1.2869e+00     1.2323e+01     7.3071e+00     
     11         1       267     -3.008e-01      5.086e+01     1.9296e+00     2.5424e+01     1.5039e+01      1.822e+01     2.2979e-03     1.2885e-03     8.155580e-01          1.6507e+00     1.2000e+01     7.2826e+00     

     12         0       286     -3.942e-01      4.973e+01     1.2841e+00     2.6077e+01     1.1249e+01      3.937e+01     4.9167e-01     2.4271e-01     7.308501e-01          1.1437e+00     1.2046e+01     5.5181e+00     
     12         1       313     -4.272e-01      4.823e+01     1.5939e+00     2.5205e+01     1.1495e+01      3.811e+01     8.0287e-03     8.4565e-04     7.308501e-01          1.3338e+00     1.1737e+01     5.6186e+00     

     13         0       332     -6.424e-01      3.401e+01     1.0999e+00     2.0353e+01     6.6766e+00      6.634e+01     8.9033e-01     4.9899e-01     6.036396e-01          8.3670e-01     8.9513e+00     3.3335e+00     
     13         1       369     -9.381e-01      3.498e+01     1.4126e+00     2.0517e+01     7.3958e+00      6.238e+01     5.6036e-02     4.2169e-03     6.036396e-01          1.2020e+00     9.3338e+00     3.6797e+00     

     14         0       404     -1.741e+00      2.776e+01     1.5967e+00     1.8002e+01     5.8691e+00      6.966e+01     4.9454e-01     9.9816e-02     5.457072e-01          1.2283e+00     8.0764e+00     3.0815e+00     
     14         1       447     -9.988e+00      2.321e+01     3.5813e+00     1.8786e+01     6.3151e+00      7.382e+01     5.0904e-01     1.5622e-03     5.457072e-01          2.4194e+00     8.5328e+00     3.7153e+00     

     15         0       533     -2.317e+00      2.457e+01     2.2305e+00     1.6273e+01     5.6525e+00      7.164e+01     1.5510e+00     5.7953e-03     5.430963e-01          1.6173e+00     7.6016e+00     3.2387e+00     
     15         1       576     -2.898e+00      2.592e+01     1.9371e+00     1.7636e+01     5.8529e+00      7.077e+01     6.8531e-01     6.2098e-03     5.430963e-01          1.5472e+00     7.9553e+00     3.1516e+00     

     16         0       666     -1.755e+02     -8.869e+01     1.9230e+01     1.0607e+01     1.0370e+01      1.707e+02     1.1942e+01     9.8507e-01     5.425963e-01          1.3425e+01     5.4745e+00     6.8174e+00     
     16         1       711     -3.613e+02     -1.284e+02     2.2727e+01     5.6885e+01     1.6467e+01      3.114e+02     7.4351e+00     1.8023e-01     5.425963e-01          1.1589e+01     5.0621e+01     1.0905e+01     

     17         0       797     -5.506e+01     -9.375e+00     1.0381e+01     1.4843e+01     7.4473e+00      1.021e+02     6.0526e+00     5.2633e-01     5.420963e-01          7.3804e+00     7.5138e+00     4.8855e+00     
     17         1       842     -1.355e+01      1.966e+01     4.3558e+00     1.7693e+01     6.2264e+00      7.760e+01     9.5460e-01     7.4537e-02     5.420963e-01          2.8081e+00     8.3140e+00     3.7984e+00     

     18         0       928     -1.783e+00      2.399e+01     1.9838e+00     1.5839e+01     5.5188e+00      7.181e+01     1.5943e+00     9.9117e-03     5.413429e-01          1.4615e+00     7.3479e+00     3.1202e+00     
     18         1       971     -4.084e+00      2.502e+01     2.2645e+00     1.7662e+01     5.8606e+00      7.157e+01     7.4273e-01     7.8797e-03     5.413429e-01          1.7381e+00     7.9885e+00     3.2353e+00     

     19         0      1061     -1.144e+02     -5.083e+01     1.4199e+01     7.8134e+00     1.0835e+01      1.046e+02     8.8536e+00     2.6908e+00     5.408429e-01          7.6657e+00     5.5615e+00     7.1318e+00     
     19         1      1100     -1.371e+01      1.478e+01     4.6794e+00     1.3985e+01     5.7950e+00      7.734e+01     2.8212e+00     5.2698e-02     5.408429e-01          3.0750e+00     6.9397e+00     3.7789e+00     

     20         0      1180     -7.860e-01      2.605e+01     1.3912e+00     1.6780e+01     5.6150e+00      7.046e+01     1.0010e+00     1.3456e-02     5.403429e-01          9.6920e-01     7.5561e+00     2.9545e+00     
     20         1      1223     -8.122e+00      2.270e+01     3.1712e+00     1.8054e+01     6.0182e+00      7.369e+01     8.8290e-01     4.7046e-03     5.403429e-01          2.2130e+00     8.0956e+00     3.4918e+00     

     21         0      1309     -1.779e+00      2.504e+01     1.9829e+00     1.6420e+01     5.6083e+00      7.118e+01     1.3173e+00     7.1420e-03     5.398429e-01          1.4587e+00     7.6185e+00     3.1552e+00     
     21         1      1352     -4.181e+00      2.473e+01     2.2794e+00     1.7584e+01     5.8233e+00      7.176e+01     7.9410e-01     6.2421e-03     5.398429e-01          1.7443e+00     7.9315e+00     3.2206e+00     

     22         0      1436     -4.212e+01     -4.800e+00     8.0749e+00     1.1890e+01     6.6192e+00      9.629e+01     6.3419e+00     1.5957e-01     5.393429e-01          4.5205e+00     6.4753e+00     4.6504e+00     
     22         1      1477     -5.536e+00      2.253e+01     3.1074e+00     1.5996e+01     5.7295e+00      7.286e+01     1.6716e+00     2.3110e-02     5.393429e-01          2.1409e+00     7.6757e+00     3.5099e+00     

     23         0      1565     -1.269e+00      2.611e+01     1.2996e+00     1.7096e+01     5.6586e+00      7.041e+01     5.3906e-01     7.5359e-02     5.388429e-01          9.9591e-01     7.6679e+00     2.8816e+00     
     23         1      1608     -2.058e+01      1.541e+01     5.0774e+00     1.9392e+01     6.4838e+00      8.023e+01     1.6084e+00     3.3772e-03     5.388429e-01          3.1387e+00     8.9789e+00     4.0086e+00     

     24         0      1696     -2.669e+00      2.525e+01     1.9829e+00     1.7153e+01     5.7110e+00      7.115e+01     8.7329e-01     1.2826e-01     5.383429e-01          1.2462e+00     7.7932e+00     3.0625e+00     
     24         1      1741     -3.655e+01      6.144e+00     6.8125e+00     2.1531e+01     7.0542e+00      8.863e+01     2.6256e+00     9.0596e-03     5.383429e-01          3.9533e+00     1.3438e+01     4.5209e+00     

     25         0      1829     -7.297e+00      2.232e+01     3.4907e+00     1.7089e+01     5.8873e+00      7.362e+01     1.6705e+00     2.0669e-01     5.378429e-01          2.3199e+00     7.9380e+00     3.3929e+00     
     25         1      1874     -1.750e+02     -7.837e+01     1.5177e+01     4.6731e+01     1.0596e+01      1.658e+02     1.2960e+01     2.0395e-02     5.378429e-01          8.2202e+00     4.4557e+01     7.0098e+00     

     26         0      1958     -4.669e+01     -3.122e+00     9.4389e+00     1.5437e+01     7.1851e+00      9.507e+01     5.1962e+00     4.9078e-01     5.373429e-01          6.7801e+00     7.6362e+00     4.6751e+00     
     26         1      2003     -7.676e+01     -4.411e+01     1.0491e+01     1.5249e+01     6.1830e+00      1.412e+02     1.5408e+01     5.6590e-02     5.373429e-01          6.2919e+00     1.0240e+01     3.9331e+00     

     27         0      2085     -1.135e+01      2.291e+01     4.2617e+00     1.7895e+01     6.3114e+00      7.389e+01     2.1871e+00     9.1519e-02     5.368429e-01          2.8059e+00     8.7433e+00     3.9986e+00     
     27         1      2128     -7.952e-01      2.602e+01     1.4100e+00     1.6802e+01     5.5773e+00      7.043e+01     9.4291e-01     9.5758e-03     5.368429e-01          9.8371e-01     7.6682e+00     2.9410e+00     

     28         0      2216     -1.439e+01      1.746e+01     5.0502e+00     1.6728e+01     6.1003e+00      7.757e+01     2.5524e+00     2.8413e-01     5.363429e-01          3.5365e+00     7.9015e+00     3.6939e+00     
     28         1      2261     -2.101e+02     -1.306e+02     1.7064e+01     3.4926e+01     9.6118e+00      2.069e+02     2.7491e+01     3.5110e-02     5.363429e-01          9.7440e+00     1.9325e+01     6.1306e+00     

     29         0      2349     -6.172e+01     -3.096e+00     9.3473e+00     1.6431e+01     8.6178e+00      8.719e+01     4.1016e+00     4.9388e-01     5.358429e-01          5.1493e+00     8.3408e+00     5.6141e+00     
     29         1      2388     -7.187e+00      2.063e+01     3.4784e+00     1.5463e+01     5.6670e+00      7.459e+01     2.0134e+00     2.8671e-02     5.358429e-01          2.3783e+00     7.5350e+00     3.5729e+00     

     30         0      2476     -8.632e-01      2.590e+01     1.1188e+00     1.6871e+01     5.5535e+00      7.048e+01     5.9726e-01     5.5233e-02     5.353429e-01          8.2610e-01     7.4757e+00     2.7346e+00     
     30         1      2521     -2.774e+01      9.719e+00     5.8522e+00     1.9965e+01     6.5688e+00      8.460e+01     2.5716e+00     4.5689e-03     5.353429e-01          3.5117e+00     1.1512e+01     4.1554e+00     

     31         0      2609     -4.410e+00      2.359e+01     2.6232e+00     1.6909e+01     5.6842e+00      7.244e+01     1.2027e+00     1.6613e-01     5.348429e-01          1.6452e+00     7.7567e+00     3.1613e+00     
     31         1      2654     -1.336e+02     -5.470e+01     1.3105e+01     3.9126e+01     9.5076e+00      1.417e+02     1.0652e+01     3.1718e-02     5.348429e-01          7.1691e+00     3.6689e+01     6.2979e+00     

     32         0      2738     -3.390e+01      4.367e+00     7.9613e+00     1.5647e+01     6.6777e+00      8.815e+01     4.2893e+00     4.3144e-01     5.343429e-01          5.7570e+00     7.6231e+00     4.2983e+00     
     32         1      2779     -7.884e+01     -4.385e+01     1.0576e+01     1.4570e+01     6.3371e+00      1.364e+02     1.4817e+01     2.3151e-02     5.343429e-01          6.2948e+00     9.4480e+00     4.1577e+00     

     33         0      2863     -1.224e+01      1.997e+01     4.3947e+00     1.6549e+01     6.0691e+00      7.578e+01     2.3271e+00     6.0869e-02     5.338429e-01          2.8760e+00     8.0794e+00     3.9231e+00     
     33         1      2906     -8.602e-01      2.557e+01     1.4414e+00     1.6609e+01     5.4985e+00      7.070e+01     9.5880e-01     7.9125e-03     5.338429e-01          1.0262e+00     7.5764e+00     2.9218e+00     

     34         0      2992     -1.879e+01      1.378e+01     5.8226e+00     1.6172e+01     6.1413e+00      8.028e+01     3.0247e+00     3.3141e-01     5.333429e-01          4.1738e+00     7.7057e+00     3.7902e+00     
     34         1      3035     -9.596e+01     -5.191e+01     1.1563e+01     1.5418e+01     7.0964e+00      1.385e+02     1.5252e+01     4.5274e-03     5.333429e-01          6.7882e+00     9.1943e+00     4.8112e+00     

     35         0      3121     -1.701e+01      1.505e+01     5.0694e+00     1.5139e+01     6.0402e+00      7.915e+01     2.9505e+00     4.5030e-02     5.328429e-01          3.2277e+00     7.6401e+00     4.0318e+00     
     35         1      3164     -1.400e+00      2.504e+01     1.7541e+00     1.6423e+01     5.4891e+00      7.106e+01     1.0683e+00     8.8471e-03     5.328429e-01          1.3049e+00     7.5734e+00     3.0436e+00     

     36         0      3254     -8.688e+00      2.038e+01     3.8215e+00     1.6602e+01     5.7729e+00      7.495e+01     1.8634e+00     2.3155e-01     5.323429e-01          2.6211e+00     7.7390e+00     3.3768e+00     
     36         1      3299     -8.771e+01     -4.084e+01     1.0949e+01     1.3100e+01     7.3184e+00      1.242e+02     1.2634e+01     3.0883e-02     5.323429e-01          6.4532e+00     7.1358e+00     5.1036e+00     

     37         0      3385     -1.678e+01      1.469e+01     4.9917e+00     1.4818e+01     5.9770e+00      7.895e+01     2.8822e+00     4.7953e-02     5.318429e-01          3.2316e+00     7.4784e+00     4.0099e+00     
     37         1      3428     -1.431e+00      2.501e+01     1.7663e+00     1.6428e+01     5.4795e+00      7.108e+01     1.0507e+00     7.1221e-03     5.318429e-01          1.3126e+00     7.5527e+00     3.0397e+00     

     38         0      3518     -9.179e+00      1.986e+01     3.9385e+00     1.6497e+01     5.7596e+00      7.532e+01     1.9328e+00     2.3984e-01     5.313429e-01          2.7245e+00     7.6961e+00     3.3833e+00     
     38         1      3563     -7.045e+01     -2.888e+01     9.8226e+00     1.1486e+01     6.8753e+00      1.143e+02     1.0692e+01     2.8159e-02     5.313429e-01          5.8520e+00     5.8438e+00     4.8265e+00     

     39         0      3645     -1.298e+01      1.730e+01     4.4175e+00     1.5197e+01     5.8500e+00      7.684e+01     2.4062e+00     3.0562e-02     5.308429e-01          2.9135e+00     7.5380e+00     3.8496e+00     
     39         1      3688     -9.626e-01      2.523e+01     1.5046e+00     1.6481e+01     5.4432e+00      7.091e+01     9.6807e-01     8.3919e-03     5.308429e-01          1.0904e+00     7.4813e+00     2.9202e+00     

     40         0      3776     -2.169e+01      1.109e+01     6.2837e+00     1.5676e+01     6.1310e+00      8.211e+01     3.3354e+00     3.6431e-01     5.303429e-01          4.5728e+00     7.4955e+00     3.8315e+00     
     40         1      3821     -3.432e+01     -7.454e+00     6.9698e+00     9.8966e+00     5.5100e+00      9.878e+01     7.7640e+00     1.3141e-02     5.303429e-01          4.3183e+00     5.5164e+00     3.8453e+00     

     41         0      3905     -4.644e+00      2.331e+01     2.7933e+00     1.6322e+01     5.6177e+00      7.239e+01     1.3843e+00     3.4466e-02     5.298429e-01          1.9284e+00     7.7337e+00     3.3899e+00     
     41         1      3948     -1.857e+00      2.455e+01     1.5720e+00     1.6741e+01     5.4540e+00      7.158e+01     9.5654e-01     9.2306e-03     5.298429e-01          1.2845e+00     7.4781e+00     2.8559e+00     

     42         0      4036     -2.975e+01      5.497e+00     6.5000e+00     1.3378e+01     6.3040e+00      8.574e+01     4.2497e+00     7.9738e-02     5.293429e-01          3.8962e+00     7.0063e+00     4.3744e+00     
     42         1      4079     -4.112e+00      2.306e+01     2.6607e+00     1.5999e+01     5.5284e+00      7.228e+01     1.3246e+00     7.0237e-03     5.293429e-01          1.8985e+00     7.5952e+00     3.3257e+00     

     43         0      4167     -2.203e+00      2.414e+01     1.7303e+00     1.6568e+01     5.4441e+00      7.183e+01     7.8357e-01     1.1903e-01     5.288429e-01          1.1366e+00     7.4924e+00     2.8869e+00     
     43         1      4212     -6.674e+01     -2.032e+01     9.3681e+00     1.1787e+01     7.2356e+00      1.043e+02     8.4859e+00     3.2774e-02     5.288429e-01          5.5901e+00     5.4533e+00     5.1186e+00     

     44         0      4294     -1.291e+01      1.702e+01     4.3766e+00     1.5071e+01     5.7892e+00      7.705e+01     2.3966e+00     1.1794e-02     5.283429e-01          2.8637e+00     7.4239e+00     3.7959e+00     
     44         1      4337     -1.013e+00      2.496e+01     1.5229e+00     1.6373e+01     5.3942e+00      7.104e+01     9.6001e-01     8.6055e-03     5.283429e-01          1.1124e+00     7.4506e+00     2.9114e+00     

     45         0      4425     -2.958e+01      4.995e+00     7.4165e+00     1.4873e+01     6.2803e+00      8.651e+01     4.0733e+00     4.3242e-01     5.278429e-01          5.4859e+00     7.1718e+00     4.0127e+00     
     45         1      4468     -2.350e+01     -1.351e+00     5.7776e+00     9.6959e+00     4.9803e+00      9.410e+01     7.0251e+00     1.8687e-02     5.278429e-01          3.6781e+00     5.4852e+00     3.4381e+00     

     46         0      4556     -2.767e+00      2.488e+01     2.2256e+00     1.6736e+01     5.5505e+00      7.125e+01     1.0151e+00     2.3612e-02     5.273429e-01          1.6154e+00     7.8194e+00     3.2205e+00     
     46         1      4599     -5.257e+00      2.191e+01     2.4637e+00     1.6865e+01     5.5053e+00      7.371e+01     1.3413e+00     6.9763e-03     5.273429e-01          1.8398e+00     7.5231e+00     3.1088e+00     

     47         0      4685     -1.975e+00      2.413e+01     1.9668e+00     1.6127e+01     5.3909e+00      7.158e+01     1.0907e+00     3.7176e-03     5.267417e-01          1.4630e+00     7.4802e+00     3.0665e+00     
     47         1      4730     -9.508e+00      1.898e+01     3.2948e+00     1.7169e+01     5.6296e+00      7.606e+01     1.7786e+00     1.1488e-02     5.267417e-01          2.2729e+00     7.5042e+00     3.3199e+00     

     48         0      4798     -7.552e-01      2.486e+01     1.1780e+00     1.6372e+01     5.3331e+00      7.114e+01     7.7213e-01     2.3680e-02     5.262417e-01          7.9245e-01     7.2836e+00     2.7205e+00     
     48         1      4843     -2.752e+02     -1.581e+02     1.8271e+01     7.7795e+01     1.1393e+01      2.143e+02     2.9986e+01     2.4723e-02     5.262417e-01          1.0005e+01     7.3987e+01     7.2333e+00     

     49         0      4931     -8.295e+01     -2.338e+01     1.2317e+01     1.4116e+01     8.1182e+00      1.132e+02     7.1536e+00     6.7255e-01     5.257417e-01          8.8728e+00     7.1949e+00     5.3285e+00     
     49         1      4976     -6.007e+01     -3.555e+01     8.9654e+00     1.6286e+01     5.2199e+00      1.449e+02     1.6312e+01     6.1928e-02     5.257417e-01          5.4249e+00     1.1871e+01     2.9599e+00     

     50         0      5066     -1.420e+01      4.154e+01     4.2983e+00     2.9077e+01     7.9363e+00      6.525e+01     7.5830e+00     1.3639e-01     5.252417e-01          3.1422e+00     1.7763e+01     4.8103e+00     
     50         1      5109     -2.514e+00      2.696e+01     2.1066e+00     1.7848e+01     5.7172e+00      6.992e+01     9.5173e-01     4.1106e-02     5.252417e-01          1.6334e+00     8.3917e+00     3.2806e+00     

     51         0      5197     -5.947e+00      2.108e+01     3.0717e+00     1.6254e+01     5.4778e+00      7.418e+01     1.4560e+00     2.0563e-01     5.247417e-01          2.0779e+00     7.5057e+00     3.1218e+00     
     51         1      5242     -2.856e+01      2.862e+00     6.2201e+00     1.1993e+01     5.8930e+00      8.727e+01     4.9282e+00     1.9845e-02     5.247417e-01          3.9125e+00     6.1390e+00     4.0953e+00     

     52         0      5330     -4.532e+00      2.257e+01     2.7073e+00     1.5918e+01     5.4617e+00      7.256e+01     1.2440e+00     1.7838e-02     5.242417e-01          1.9298e+00     7.5449e+00     3.3116e+00     
     52         1      5373     -2.274e+00      2.352e+01     1.6788e+00     1.6483e+01     5.3326e+00      7.229e+01     1.1030e+00     8.4605e-03     5.242417e-01          1.3593e+00     7.3721e+00     2.8368e+00     

     53         0      5459     -7.660e+00      2.041e+01     3.4044e+00     1.5513e+01     5.5587e+00      7.405e+01     1.6049e+00     8.6207e-03     5.237417e-01          2.3413e+00     7.5006e+00     3.5155e+00     
     53         1      5502     -8.381e-01      2.454e+01     1.2697e+00     1.6322e+01     5.2825e+00      7.138e+01     9.2906e-01     9.3506e-03     5.237417e-01          8.6686e-01     7.2146e+00     2.6232e+00     

     54         0      5592     -9.297e+01     -3.145e+01     1.1703e+01     9.1798e+00     9.0180e+00      9.871e+01     7.6715e+00     1.4399e+00     5.232417e-01          6.5962e+00     5.2904e+00     5.6628e+00     
     54         1      5633     -1.867e+01      1.359e+01     5.0490e+00     1.4375e+01     5.9751e+00      7.716e+01     2.2872e+00     6.4153e-02     5.232417e-01          3.2814e+00     7.2230e+00     4.0027e+00     

     55         0      5721     -1.908e+00      2.365e+01     1.9135e+00     1.5921e+01     5.2881e+00      7.189e+01     1.0685e+00     1.1150e-02     5.227417e-01          1.4192e+00     7.3614e+00     3.0184e+00     
     55         1      5766     -1.358e+01      1.553e+01     3.8962e+00     1.7363e+01     5.6432e+00      7.860e+01     2.4288e+00     1.4842e-02     5.227417e-01          2.5730e+00     7.8422e+00     3.4255e+00     

     56         0      5854     -1.098e+00      2.409e+01     1.1842e+00     1.6225e+01     5.2468e+00      7.171e+01     6.6292e-01     6.6975e-02     5.221959e-01          8.8630e-01     7.2299e+00     2.6468e+00     
     56         1      5899     -1.272e+02     -5.926e+01     1.2647e+01     1.6867e+01     8.6212e+00      1.318e+02     1.4923e+01     2.1512e-02     5.221959e-01          7.3311e+00     8.4829e+00     6.0559e+00     

     57         0      5983     -3.106e+01      5.580e+00     6.5048e+00     1.3524e+01     6.3533e+00      8.417e+01     3.8119e+00     1.4387e-01     5.216959e-01          3.9438e+00     7.0265e+00     4.4063e+00     
     57         1      6026     -5.428e+00      2.209e+01     2.8973e+00     1.5853e+01     5.4782e+00      7.259e+01     1.1723e+00     6.5804e-03     5.216959e-01          2.0533e+00     7.5539e+00     3.3681e+00     

     58         0      6114     -1.636e+00      2.351e+01     1.4358e+00     1.6151e+01     5.2369e+00      7.216e+01     7.3538e-01     9.9757e-02     5.211959e-01          1.0093e+00     7.2670e+00     2.7255e+00     
     58         1      6159     -5.902e+01     -1.483e+01     8.6847e+00     1.1496e+01     6.9328e+00      9.920e+01     7.5133e+00     9.5603e-03     5.211959e-01          5.2240e+00     5.6042e+00     4.9188e+00     

     59         0      6245     -1.271e+01      1.722e+01     4.2089e+00     1.5072e+01     5.7034e+00      7.610e+01     2.0084e+00     1.4398e-02     5.206959e-01          2.7775e+00     7.3838e+00     3.7363e+00     
     59         1      6288     -1.146e+00      2.418e+01     1.5590e+00     1.6074e+01     5.2451e+00      7.145e+01     9.1357e-01     7.8462e-03     5.206959e-01          1.1565e+00     7.3309e+00     2.8659e+00     

     60         0      6378     -1.063e+02     -5.151e+01     1.4887e+01     9.3771e+00     7.9330e+00      1.256e+02     9.6296e+00     9.3137e-01     5.201959e-01          1.1137e+01     5.3079e+00     5.2157e+00     
     60         1      6423     -4.902e+01     -2.640e+01     7.6525e+00     1.6563e+01     5.0608e+00      1.494e+02     1.6618e+01     2.2143e-01     5.201959e-01          4.6590e+00     1.2279e+01     2.5724e+00     

     61         0      6513     -1.449e+01      8.194e+01     4.9721e+00     6.2212e+01     1.0062e+01      6.884e+01     2.6956e+01     2.1686e-01     5.196959e-01          4.0095e+00     5.3564e+01     5.9806e+00     
     61         1      6540     -1.392e+01      2.952e+01     4.5310e+00     2.3442e+01     6.8353e+00      6.965e+01     5.3404e+00     1.0780e-01     5.196959e-01          3.3523e+00     1.5409e+01     4.0528e+00     

     62         0      6630     -4.433e+00      2.472e+01     2.5637e+00     1.7141e+01     5.6159e+00      7.056e+01     6.9060e-01     3.6858e-02     5.191959e-01          1.9201e+00     7.9498e+00     3.3513e+00     
     62         1      6675     -2.709e+00      2.261e+01     1.7870e+00     1.6278e+01     5.2284e+00      7.299e+01     1.2510e+00     9.6172e-03     5.191959e-01          1.4343e+00     7.3297e+00     2.8265e+00     

     63         0      6763     -3.967e+00      2.246e+01     2.5204e+00     1.5756e+01     5.3378e+00      7.242e+01     1.1044e+00     7.4928e-03     5.186428e-01          1.8311e+00     7.4563e+00     3.2153e+00     
     63         1      6808     -3.992e+00      2.144e+01     2.1156e+00     1.6253e+01     5.2353e+00      7.382e+01     1.4655e+00     1.4007e-02     5.186428e-01          1.6348e+00     7.2431e+00     2.9035e+00     

     64         0      6896     -2.057e+00      2.352e+01     1.9366e+00     1.5912e+01     5.2461e+00      7.175e+01     9.4086e-01     5.8342e-03     5.181428e-01          1.4548e+00     7.3841e+00     3.0065e+00     
     64         1      6941     -2.497e+01      6.600e+00     5.2360e+00     1.8663e+01     5.8228e+00      8.513e+01     4.1946e+00     2.0433e-02     5.181428e-01          3.2381e+00     1.2245e+01     3.7111e+00     

     65         0      7027     -2.902e+00      2.200e+01     2.0145e+00     1.5845e+01     5.1795e+00      7.319e+01     1.0187e+00     1.5499e-01     5.176428e-01          1.1908e+00     7.2364e+00     2.7974e+00     
     65         1      7072     -1.586e+01      1.344e+01     4.5987e+00     1.3896e+01     5.6082e+00      7.848e+01     2.6374e+00     1.2450e-02     5.176428e-01          3.0269e+00     6.8902e+00     3.7602e+00     

     66         0      7160     -2.111e+00      2.349e+01     1.9395e+00     1.5920e+01     5.2365e+00      7.173e+01     9.0459e-01     5.6751e-03     5.171428e-01          1.4550e+00     7.3802e+00     3.0038e+00     
     66         1      7205     -2.679e+01      5.133e+00     5.4091e+00     1.8934e+01     5.8429e+00      8.616e+01     4.5060e+00     2.0987e-02     5.171428e-01          3.3229e+00     1.2923e+01     3.7429e+00     

     67         0      7289     -3.120e+00      2.162e+01     2.1057e+00     1.5729e+01     5.1580e+00      7.341e+01     1.0851e+00     1.7007e-01     5.166428e-01          1.2885e+00     7.1805e+00     2.8005e+00     
     67         1      7334     -1.345e+01      1.493e+01     4.2478e+00     1.4084e+01     5.5089e+00      7.737e+01     2.3608e+00     1.2687e-02     5.166428e-01          2.8350e+00     6.9123e+00     3.6542e+00     

     68         0      7422     -1.568e+00      2.366e+01     1.7263e+00     1.5920e+01     5.1885e+00      7.164e+01     8.7414e-01     8.0817e-03     5.161428e-01          1.2994e+00     7.3137e+00     2.9088e+00     
     68         1      7467     -8.514e+01     -3.476e+01     9.7356e+00     3.2229e+01     7.3134e+00      1.156e+02     1.1743e+01     3.2937e-02     5.161428e-01          5.5352e+00     3.0246e+01     4.8227e+00     

     69         0      7553     -1.525e+01      1.200e+01     5.2014e+00     1.4464e+01     5.4315e+00      8.044e+01     2.9453e+00     3.4772e-01     5.156428e-01          3.9225e+00     6.8645e+00     3.3416e+00     
     69         1      7596     -8.094e+00      1.402e+01     3.3963e+00     1.2487e+01     4.8506e+00      7.893e+01     3.1892e+00     9.8288e-03     5.156428e-01          2.3466e+00     6.0827e+00     3.1135e+00     

     70         0      7664     -7.887e-01      2.393e+01     1.1512e+00     1.6050e+01     5.1266e+00      7.161e+01     7.1186e-01     4.0289e-02     5.151428e-01          7.5485e-01     7.0730e+00     2.6071e+00     
     70         1      7709     -3.711e+01      2.044e+00     6.7867e+00     1.3107e+01     6.4509e+00      8.575e+01     4.2282e+00     9.2314e-03     5.151428e-01          4.2068e+00     6.7615e+00     4.5212e+00     

     71         0      7797     -8.183e+00      1.997e+01     3.3772e+00     1.5438e+01     5.4641e+00      7.381e+01     1.3172e+00     1.1690e-02     5.146428e-01          2.3354e+00     7.4529e+00     3.4808e+00     
     71         1      7842     -7.932e-01      2.362e+01     1.2629e+00     1.5913e+01     5.0881e+00      7.185e+01     9.2837e-01     1.1559e-02     5.146428e-01          7.6155e-01     7.0272e+00     2.5832e+00     

     72         0      7930     -2.177e+01      1.197e+01     5.2389e+00     1.4407e+01     5.9778e+00      7.895e+01     2.5036e+00     3.7876e-02     5.141428e-01          3.3784e+00     7.2165e+00     4.0809e+00     
     72         1      7973     -4.030e+00      2.242e+01     2.4803e+00     1.5780e+01     5.2896e+00      7.219e+01     9.1153e-01     6.4395e-03     5.141428e-01          1.8126e+00     7.4549e+00     3.1906e+00     

     73         0      8063     -5.369e+00      1.943e+01     2.8739e+00     1.5368e+01     5.1359e+00      7.507e+01     1.5190e+00     2.0744e-01     5.136428e-01          1.9809e+00     7.0878e+00     2.9191e+00     
     73         1      8108     -7.752e+00      1.771e+01     3.2849e+00     1.4203e+01     5.1871e+00      7.543e+01     1.9280e+00     1.6175e-02     5.136428e-01          2.2968e+00     6.7757e+00     3.3113e+00     

     74         0      8182     -8.059e-01      2.348e+01     1.1305e+00     1.5858e+01     5.0606e+00      7.190e+01     7.3904e-01     3.9781e-02     5.131428e-01          7.3016e-01     6.9948e+00     2.5513e+00     
     74         1      8227     -2.351e+01      1.058e+01     5.4267e+00     1.4121e+01     5.9962e+00      7.976e+01     2.7285e+00     8.5938e-03     5.131428e-01          3.4742e+00     7.0879e+00     4.1149e+00     

     75         0      8315     -4.755e+00      2.188e+01     2.6453e+00     1.5683e+01     5.2928e+00      7.251e+01     9.5223e-01     7.3494e-03     5.126428e-01          1.9123e+00     7.4415e+00     3.2364e+00     
     75         1      8360     -3.363e+00      2.102e+01     1.9318e+00     1.5866e+01     5.0665e+00      7.397e+01     1.5279e+00     1.4808e-02     5.126428e-01          1.5188e+00     7.0766e+00     2.7819e+00     

     76         0      8448     -2.052e+00      2.312e+01     1.8925e+00     1.5764e+01     5.1422e+00      7.184e+01     8.3581e-01     6.7370e-03     5.121428e-01          1.4320e+00     7.3047e+00     2.9518e+00     
     76         1      8493     -5.177e+01     -1.293e+01     7.4695e+00     2.4079e+01     6.3705e+00      9.902e+01     8.0773e+00     3.4107e-02     5.121428e-01          4.3251e+00     2.1048e+01     4.2006e+00     

     77         0      8575     -8.119e+00      1.711e+01     3.6671e+00     1.4960e+01     5.1620e+00      7.661e+01     1.9795e+00     2.4627e-01     5.116428e-01          2.6680e+00     7.0079e+00     3.0474e+00     
     77         1      8620     -6.404e+00      1.744e+01     3.0150e+00     1.3773e+01     4.9986e+00      7.570e+01     2.0924e+00     1.0893e-02     5.116428e-01          2.1458e+00     6.5575e+00     3.1511e+00     

     78         0      8710     -1.044e+00      2.298e+01     1.1431e+00     1.5762e+01     5.0115e+00      7.226e+01     6.7827e-01     6.5437e-02     5.110009e-01          8.5109e-01     7.0110e+00     2.5036e+00     
     78         1      8755     -1.333e+01      1.639e+01     4.1425e+00     1.4762e+01     5.5742e+00      7.583e+01     1.7498e+00     7.1180e-03     5.110009e-01          2.7750e+00     7.2023e+00     3.6899e+00     

     79         0      8843     -1.714e+00      2.315e+01     1.7512e+00     1.5742e+01     5.0927e+00      7.182e+01     8.0209e-01     7.6509e-03     5.105009e-01          1.3274e+00     7.2443e+00     2.8793e+00     
     79         1      8888     -1.792e+01      1.614e+01     4.6053e+00     1.5588e+01     5.9745e+00      7.513e+01     1.2319e+00     3.6467e-02     5.105009e-01          3.0548e+00     7.6857e+00     4.0167e+00     

     80         0      8976     -3.194e+00      2.246e+01     2.2308e+00     1.5688e+01     5.1668e+00      7.223e+01     8.4959e-01     3.6691e-03     5.100009e-01          1.6571e+00     7.3626e+00     3.0677e+00     
     80         1      9021     -1.382e+01      1.293e+01     3.7866e+00     1.6641e+01     5.2742e+00      7.997e+01     3.2118e+00     2.3928e-02     5.100009e-01          2.5213e+00     8.4700e+00     3.2376e+00     

     81         0      9107     -1.098e+00      2.248e+01     1.1527e+00     1.5568e+01     4.9452e+00      7.261e+01     7.6117e-01     6.5902e-02     5.091283e-01          8.4667e-01     6.9311e+00     2.4993e+00     
     81         1      9152     -1.091e+01      1.778e+01     3.7552e+00     1.4938e+01     5.4570e+00      7.484e+01     1.4708e+00     8.2103e-03     5.091283e-01          2.5610e+00     7.2444e+00     3.5628e+00     

     82         0      9240     -1.143e+00      2.316e+01     1.4962e+00     1.5687e+01     5.0167e+00      7.185e+01     8.0467e-01     1.1770e-02     5.086283e-01          1.1155e+00     7.1202e+00     2.7404e+00     
     82         1      9285     -4.093e+01      1.107e+00     6.9193e+00     1.3241e+01     6.5953e+00      8.521e+01     4.0118e+00     1.8210e-02     5.086283e-01          4.2974e+00     6.7276e+00     4.6380e+00     

     83         0      9371     -1.076e+01      1.849e+01     3.7144e+00     1.5256e+01     5.4968e+00      7.429e+01     1.2635e+00     1.4084e-02     5.081283e-01          2.5353e+00     7.4237e+00     3.5783e+00     
     83         1      9414     -1.175e+00      2.312e+01     1.5069e+00     1.5674e+01     5.0109e+00      7.185e+01     7.8820e-01     1.1309e-02     5.081283e-01          1.1271e+00     7.1257e+00     2.7444e+00     

     84         0      9502     -4.020e+01      1.644e+00     6.9622e+00     1.3051e+01     6.5718e+00      8.464e+01     3.8109e+00     1.2612e-01     5.076283e-01          4.1311e+00     6.7531e+00     4.6179e+00     
     84         1      9545     -1.175e+01      1.857e+01     3.8433e+00     1.5445e+01     5.5903e+00      7.386e+01     1.0762e+00     1.1050e-02     5.076283e-01          2.6071e+00     7.5286e+00     3.6550e+00     

     85         0      9633     -1.273e+00      2.293e+01     1.5507e+00     1.5602e+01     4.9908e+00      7.195e+01     7.9170e-01     8.7973e-03     5.071283e-01          1.1671e+00     7.1064e+00     2.7565e+00     
     85         1      9678     -3.964e+01      2.116e+00     6.7698e+00     1.3376e+01     6.5542e+00      8.430e+01     3.7583e+00     2.0112e-02     5.071283e-01          4.2214e+00     6.7705e+00     4.6032e+00     

     86         0      9764     -1.080e+01      1.849e+01     3.6967e+00     1.5270e+01     5.4839e+00      7.418e+01     1.1906e+00     1.2767e-02     5.066283e-01          2.5284e+00     7.4269e+00     3.5729e+00     
     86         1      9809     -1.243e+00      2.298e+01     1.5310e+00     1.5629e+01     4.9893e+00      7.188e+01     7.6547e-01     1.1523e-02     5.066283e-01          1.1519e+00     7.1164e+00     2.7468e+00     

     87         0      9897     -3.465e+01      5.114e+00     6.3944e+00     1.3550e+01     6.3860e+00      8.223e+01     3.1825e+00     1.0187e-01     5.061283e-01          3.9018e+00     6.9060e+00     4.4621e+00     
     87         1      9940     -1.012e+01      1.930e+01     3.5718e+00     1.5490e+01     5.4900e+00      7.341e+01     9.4139e-01     1.0308e-02     5.061283e-01          2.4592e+00     7.5097e+00     3.5552e+00     

     88         0     10030     -9.956e-01      2.283e+01     1.4057e+00     1.5546e+01     4.9381e+00      7.205e+01     8.1378e-01     1.1547e-02     5.056283e-01          1.0246e+00     7.0082e+00     2.6594e+00     
     88         1     10075     -1.862e+01      1.425e+01     4.7201e+00     1.4773e+01     5.7972e+00      7.660e+01     1.7628e+00     1.2269e-02     5.056283e-01          3.1028e+00     7.3082e+00     3.9227e+00     

     89         0     10163     -4.336e+00      2.177e+01     2.4692e+00     1.5591e+01     5.1616e+00      7.225e+01     7.2118e-01     6.4220e-03     5.051283e-01          1.8150e+00     7.3658e+00     3.1407e+00     
     89         1     10208     -7.738e+00      1.652e+01     2.8018e+00     1.5671e+01     4.9769e+00      7.717e+01     2.4930e+00     2.2673e-02     5.051283e-01          2.0112e+00     6.7858e+00     2.9159e+00     

     90         0     10280     -8.191e-01      2.258e+01     1.2355e+00     1.5464e+01     4.8798e+00      7.228e+01     8.4983e-01     9.6820e-03     5.045172e-01          8.4013e-01     6.8661e+00     2.5309e+00     
     90         1     10325     -1.025e+01      1.874e+01     3.5802e+00     1.5277e+01     5.4332e+00      7.388e+01     1.0771e+00     7.9951e-03     5.045172e-01          2.4661e+00     7.4070e+00     3.5310e+00     

     91         0     10415     -1.148e+00      2.275e+01     1.4748e+00     1.5534e+01     4.9301e+00      7.198e+01     7.5873e-01     1.1156e-02     5.040172e-01          1.1030e+00     7.0443e+00     2.6954e+00     
     91         1     10460     -1.948e+01      1.388e+01     4.7872e+00     1.4753e+01     5.8214e+00      7.665e+01     1.7340e+00     1.2667e-02     5.040172e-01          3.1432e+00     7.3015e+00     3.9501e+00     

     92         0     10548     -4.944e+00      2.144e+01     2.5914e+00     1.5557e+01     5.1720e+00      7.234e+01     6.9458e-01     6.9688e-03     5.035172e-01          1.8917e+00     7.3738e+00     3.1803e+00     
     92         1     10593     -4.981e+00      1.841e+01     2.2620e+00     1.5394e+01     4.8732e+00      7.569e+01     2.0476e+00     2.0979e-02     5.035172e-01          1.7109e+00     6.8083e+00     2.7656e+00     

     93         0     10681     -1.053e+00      2.260e+01     1.4308e+00     1.5452e+01     4.8929e+00      7.208e+01     7.9603e-01     7.1900e-03     5.030172e-01          1.0603e+00     6.9886e+00     2.6572e+00     
     93         1     10726     -1.474e+01      1.648e+01     4.1936e+00     1.5067e+01     5.6212e+00      7.504e+01     1.3077e+00     1.0499e-02     5.030172e-01          2.8152e+00     7.3865e+00     3.7481e+00     

     94         0     10814     -2.915e+00      2.218e+01     2.0835e+00     1.5542e+01     5.0350e+00      7.202e+01     6.5167e-01     5.7596e-03     5.025172e-01          1.5723e+00     7.2536e+00     2.9734e+00     
     94         1     10859     -7.069e+00      2.176e+01     2.9051e+00     1.6143e+01     5.4075e+00      7.146e+01     1.4348e-01     3.0277e-02     5.025172e-01          2.1029e+00     7.7040e+00     3.4107e+00     

     95         0     10947     -1.726e+00      2.078e+01     1.4345e+00     1.5046e+01     4.7680e+00      7.393e+01     1.0078e+00     1.0774e-01     5.020172e-01          9.6992e-01     6.8304e+00     2.5146e+00     
     95         1     10992     -5.525e+00      2.016e+01     2.7099e+00     1.5027e+01     5.0885e+00      7.313e+01     9.5966e-01     7.0459e-03     5.020172e-01          1.9673e+00     7.1134e+00     3.1645e+00     

     96         0     11080     -1.330e+00      2.165e+01     1.2405e+00     1.5305e+01     4.8091e+00      7.292e+01     7.1577e-01     7.7338e-02     5.012274e-01          9.0956e-01     6.8285e+00     2.4614e+00     
     96         1     11123     -5.205e+00      2.061e+01     2.6327e+00     1.5194e+01     5.0938e+00      7.276e+01     8.1668e-01     4.4507e-03     5.012274e-01          1.9208e+00     7.1864e+00     3.1516e+00     

     97         0     11211     -1.933e+00      2.088e+01     1.5205e+00     1.5147e+01     4.7882e+00      7.350e+01     8.6669e-01     1.0758e-01     5.004712e-01          1.0122e+00     6.8156e+00     2.5271e+00     
     97         1     11256     -4.488e+00      2.060e+01     2.4637e+00     1.5048e+01     5.0128e+00      7.281e+01     8.5902e-01     6.2631e-03     5.004712e-01          1.8160e+00     7.0762e+00     3.0660e+00     

     98         0     11344     -9.765e-01      2.243e+01     1.1367e+00     1.5531e+01     4.8398e+00      7.211e+01     4.9941e-01     3.5751e-02     4.998452e-01          8.3565e-01     6.8691e+00     2.4034e+00     
     98         1     11387     -5.021e+00      2.098e+01     2.5762e+00     1.5355e+01     5.0982e+00      7.242e+01     6.7237e-01     3.8491e-03     4.998452e-01          1.8868e+00     7.2593e+00     3.1431e+00     

     99         0     11477     -2.821e+00      1.984e+01     1.9062e+00     1.4925e+01     4.7655e+00      7.426e+01     1.0944e+00     1.3991e-01     4.993452e-01          1.1188e+00     6.7820e+00     2.5931e+00     
     99         1     11522     -3.754e+00      2.056e+01     2.2801e+00     1.4883e+01     4.9241e+00      7.286e+01     9.0338e-01     9.7821e-03     4.993452e-01          1.7044e+00     6.9543e+00     2.9745e+00     

    100         0     11612     -2.584e+00      2.322e+01     1.8657e+00     1.6019e+01     5.0762e+00      7.082e+01     4.6789e-02     2.6235e-02     4.988452e-01          1.4578e+00     7.4360e+00     2.9728e+00     
    100         1     11657     -4.763e+01     -1.141e+00     7.1544e+00     1.3179e+01     6.8024e+00      8.494e+01     3.8157e+00     1.3908e-03     4.988452e-01          4.4332e+00     6.5803e+00     4.7856e+00     

    101         0     11743     -1.551e+01      1.609e+01     4.1995e+00     1.5021e+01     5.6039e+00      7.487e+01     1.1384e+00     2.8354e-02     4.983452e-01          2.8264e+00     7.3545e+00     3.7438e+00     
    101         1     11786     -4.075e+00      2.161e+01     2.3392e+00     1.5501e+01     5.0509e+00      7.203e+01     5.2564e-01     7.9018e-03     4.983452e-01          1.7430e+00     7.2969e+00     3.0598e+00     

    102         0     11874     -9.757e-01      2.310e+01     1.2820e+00     1.5731e+01     4.8925e+00      7.126e+01     2.6397e-01     2.4793e-02     4.978452e-01          9.4178e-01     7.0739e+00     2.6272e+00     
    102         1     11919     -7.713e+00      1.996e+01     3.0692e+00     1.5386e+01     5.2381e+00      7.273e+01     6.4300e-01     2.4567e-03     4.978452e-01          2.1811e+00     7.3685e+00     3.3356e+00     

    103         0     11999     -8.627e-01      2.163e+01     1.1116e+00     1.5129e+01     4.7192e+00      7.280e+01     8.0267e-01     3.0363e-02     4.973452e-01          7.2781e-01     6.6981e+00     2.3720e+00     
    103         1     12042     -5.167e+00      2.088e+01     2.5813e+00     1.5360e+01     5.0776e+00      7.238e+01     5.9504e-01     5.6573e-03     4.973452e-01          1.8916e+00     7.2673e+00     3.1410e+00     

    104         0     12130     -1.431e+00      2.117e+01     1.2684e+00     1.5144e+01     4.7305e+00      7.308e+01     7.0676e-01     7.6239e-02     4.968452e-01          9.2525e-01     6.7739e+00     2.4442e+00     
    104         1     12173     -3.970e+00      2.095e+01     2.3115e+00     1.5154e+01     4.9612e+00      7.243e+01     6.6846e-01     3.8840e-03     4.968452e-01          1.7276e+00     7.1030e+00     3.0095e+00     

    105         0     12263     -5.643e+00      2.192e+01     2.5837e+00     1.5975e+01     5.2206e+00      7.124e+01     4.2110e-02     2.3886e-02     4.963452e-01          1.9133e+00     7.5645e+00     3.2439e+00     
    105         1     12308     -3.227e+01     -3.704e+00     5.5312e+00     1.9522e+01     5.3061e+00      9.226e+01     7.6298e+00     1.2318e-03     4.963452e-01          3.4598e+00     1.6169e+01     3.4465e+00     

    106         0     12392     -3.257e+00      1.831e+01     2.1182e+00     1.4332e+01     4.6200e+00      7.549e+01     1.4600e+00     1.6476e-01     4.958452e-01          1.3886e+00     6.6121e+00     2.5652e+00     
    106         1     12437     -3.358e+00      2.031e+01     2.1562e+00     1.4710e+01     4.8257e+00      7.295e+01     9.0992e-01     1.2116e-02     4.958452e-01          1.6285e+00     6.8509e+00     2.8978e+00     

    107         0     12527     -7.452e+00      2.105e+01     2.9212e+00     1.5902e+01     5.2981e+00      7.163e+01     9.6727e-02     2.2907e-02     4.953452e-01          2.1102e+00     7.5928e+00     3.3635e+00     
    107         1     12572     -2.001e+00      1.962e+01     1.5313e+00     1.4785e+01     4.6064e+00      7.466e+01     1.6662e+00     2.7345e-03     4.953452e-01          1.2285e+00     6.6579e+00     2.4660e+00     

    108         0     12660     -1.915e+00      2.188e+01     1.7305e+00     1.5284e+01     4.8302e+00      7.205e+01     5.8324e-01     7.8598e-03     4.948452e-01          1.3345e+00     7.0342e+00     2.7702e+00     
    108         1     12705     -1.258e+01      1.782e+01     3.7677e+00     1.5285e+01     5.4581e+00      7.359e+01     7.2797e-01     1.0625e-02     4.948452e-01          2.5892e+00     7.4193e+00     3.6032e+00     

    109         0     12795     -2.843e+00      2.170e+01     1.9987e+00     1.5358e+01     4.8997e+00      7.197e+01     4.9173e-01     7.4690e-03     4.943452e-01          1.5253e+00     7.1467e+00     2.8931e+00     
    109         1     12840     -1.760e+01      1.564e+01     4.3720e+00     1.5174e+01     5.7030e+00      7.463e+01     9.1682e-01     1.6527e-02     4.943452e-01          2.9307e+00     7.4324e+00     3.8453e+00     

    110         0     12928     -5.910e+00      2.066e+01     2.6908e+00     1.5419e+01     5.0912e+00      7.226e+01     4.5040e-01     5.1215e-03     4.938452e-01          1.9626e+00     7.3220e+00     3.1810e+00     
    110         1     12973     -9.002e-01      2.164e+01     1.2105e+00     1.5166e+01     4.6945e+00      7.250e+01     7.8927e-01     2.0432e-02     4.938452e-01          7.9818e-01     6.6997e+00     2.3529e+00     

    111         0     13061     -3.458e+00      2.145e+01     2.1542e+00     1.5346e+01     4.9252e+00      7.198e+01     4.5534e-01     4.1323e-03     4.933452e-01          1.6297e+00     7.1759e+00     2.9559e+00     
    111         1     13106     -1.760e+01      1.587e+01     4.3430e+00     1.5279e+01     5.7122e+00      7.436e+01     7.8433e-01     1.8076e-02     4.933452e-01          2.9166e+00     7.4710e+00     3.8485e+00     

    112         0     13194     -6.035e+00      2.056e+01     2.7050e+00     1.5399e+01     5.0834e+00      7.226e+01     4.3169e-01     4.8205e-03     4.928452e-01          1.9720e+00     7.3149e+00     3.1817e+00     
    112         1     13239     -9.073e-01      2.206e+01     1.2603e+00     1.5281e+01     4.7297e+00      7.198e+01     5.4424e-01     1.9051e-02     4.928452e-01          8.8297e-01     6.8209e+00     2.5032e+00     

    113         0     13329     -5.035e+00      2.086e+01     2.5044e+00     1.5354e+01     5.0114e+00      7.212e+01     4.2583e-01     4.6372e-03     4.923452e-01          1.8511e+00     7.2553e+00     3.0961e+00     
    113         1     13374     -6.500e+00      2.124e+01     2.7239e+00     1.5826e+01     5.1951e+00      7.145e+01     3.2704e-02     1.8190e-02     4.923452e-01          1.9972e+00     7.5110e+00     3.2652e+00     

    114         0     13458     -2.214e+01      1.782e+00     6.3304e+00     1.1368e+01     4.9017e+00      8.738e+01     4.5809e+00     4.7485e-01     4.918452e-01          5.0831e+00     5.8146e+00     3.1326e+00     
    114         1     13497     -4.066e+00      1.279e+01     2.3648e+00     1.1087e+01     4.0356e+00      7.952e+01     3.4390e+00     2.8447e-02     4.918452e-01          1.7211e+00     5.0807e+00     2.5073e+00     

    115         0     13587     -4.111e+00      2.278e+01     2.2225e+00     1.6173e+01     5.1044e+00      7.080e+01     2.9277e-01     1.9363e-02     4.913452e-01          1.7016e+00     7.6690e+00     3.0986e+00     
    115         1     13632     -1.455e+01      1.743e+01     3.9415e+00     1.5440e+01     5.5622e+00      7.333e+01     4.7580e-01     9.0060e-03     4.913452e-01          2.6960e+00     7.4771e+00     3.7028e+00     

    116         0     13722     -4.480e+00      2.100e+01     2.3689e+00     1.5339e+01     4.9559e+00      7.205e+01     3.8207e-01     4.4713e-03     4.908452e-01          1.7685e+00     7.2147e+00     3.0364e+00     
    116         1     13767     -1.261e+01      1.843e+01     3.6740e+00     1.5595e+01     5.4759e+00      7.278e+01     2.9507e-01     1.7233e-02     4.908452e-01          2.5451e+00     7.5354e+00     3.6097e+00     

    117         0     13857     -3.220e+00      2.129e+01     2.0683e+00     1.5260e+01     4.8545e+00      7.201e+01     4.1586e-01     6.0365e-03     4.900731e-01          1.5761e+00     7.1196e+00     2.8981e+00     
    117         1     13902     -1.153e+01      1.853e+01     3.5398e+00     1.5438e+01     5.3768e+00      7.283e+01     3.8267e-01     1.2721e-02     4.900731e-01          2.4658e+00     7.4527e+00     3.5295e+00     

    118         0     13992     -2.215e+00      2.123e+01     1.7601e+00     1.5089e+01     4.7053e+00      7.201e+01     4.0529e-01     9.3512e-03     4.857191e-01          1.3678e+00     6.9575e+00     2.7302e+00     
    118         1     14037     -6.418e+00      2.027e+01     2.6967e+00     1.5363e+01     5.0211e+00      7.195e+01     1.8561e-01     6.8637e-03     4.857191e-01          1.9778e+00     7.2902e+00     3.1649e+00     

    119         0     14127     -1.013e+01      1.932e+01     3.2629e+00     1.5579e+01     5.2730e+00      7.207e+01     4.1372e-02     9.3420e-03     4.852191e-01          2.3127e+00     7.4627e+00     3.4280e+00     
    119         1     14172     -2.661e+00      2.108e+01     1.8862e+00     1.5098e+01     4.7301e+00      7.201e+01     3.7015e-01     2.0946e-03     4.852191e-01          1.4568e+00     6.9937e+00     2.7881e+00     

    120         0     14262     -6.545e+00      2.021e+01     2.7075e+00     1.5364e+01     5.0176e+00      7.190e+01     1.4813e-01     7.1746e-03     4.847191e-01          1.9851e+00     7.2905e+00     3.1679e+00     
    120         1     14307     -9.744e+00      1.939e+01     3.2049e+00     1.5544e+01     5.2384e+00      7.205e+01     4.6558e-02     7.8564e-03     4.847191e-01          2.2794e+00     7.4387e+00     3.3971e+00     

    121         0     14397     -2.380e+00      2.105e+01     1.8008e+00     1.5044e+01     4.6900e+00      7.203e+01     3.8146e-01     3.1073e-03     4.842191e-01          1.3970e+00     6.9452e+00     2.7403e+00     
    121         1     14442     -5.930e+00      2.040e+01     2.5901e+00     1.5345e+01     4.9721e+00      7.183e+01     1.3522e-01     6.6033e-03     4.842191e-01          1.9150e+00     7.2613e+00     3.1167e+00     

    122         0     14532     -1.109e+01      1.878e+01     3.3909e+00     1.5489e+01     5.2929e+00      7.228e+01     8.4500e-02     7.1255e-03     4.837191e-01          2.3862e+00     7.4352e+00     3.4639e+00     
    122         1     14577     -5.253e+00      2.053e+01     2.4576e+00     1.5290e+01     4.9153e+00      7.182e+01     1.5657e-01     4.1308e-03     4.837191e-01          1.8319e+00     7.2097e+00     3.0505e+00     

    123         0     14667     -9.622e+00      1.919e+01     3.1739e+00     1.5429e+01     5.1851e+00      7.210e+01     6.5518e-02     7.0031e-03     4.825842e-01          2.2595e+00     7.3799e+00     3.3647e+00     
    123         1     14712     -6.445e+00      2.027e+01     2.6599e+00     1.5383e+01     4.9918e+00      7.174e+01     4.7520e-02     4.1083e-03     4.825842e-01          1.9566e+00     7.2836e+00     3.1475e+00     

    124         0     14802     -1.361e+01      1.768e+01     3.6953e+00     1.5393e+01     5.3943e+00      7.270e+01     1.5314e-01     8.7299e-03     4.816894e-01          2.5641e+00     7.4217e+00     3.5779e+00     
    124         1     14847     -1.014e+01      1.902e+01     3.2378e+00     1.5436e+01     5.2067e+00      7.211e+01     3.6601e-02     4.0856e-03     4.816894e-01          2.2970e+00     7.3889e+00     3.3874e+00     

    125         0     14937     -7.447e+00      1.986e+01     2.8212e+00     1.5370e+01     5.0328e+00      7.182e+01     2.5470e-02     2.5085e-03     4.811894e-01          2.0541e+00     7.3031e+00     3.2053e+00     
    125         1     14982     -8.082e+00      1.970e+01     2.9226e+00     1.5407e+01     5.0779e+00      7.184e+01     3.9084e-03     2.1064e-03     4.811894e-01          2.1151e+00     7.3331e+00     3.2542e+00     

    126         0     15072     -1.295e+01      1.799e+01     3.5984e+00     1.5427e+01     5.3522e+00      7.248e+01     7.0896e-02     4.4496e-03     4.806894e-01          2.5074e+00     7.4232e+00     3.5397e+00     
    126         1     15117     -1.004e+01      1.899e+01     3.2143e+00     1.5404e+01     5.1835e+00      7.209e+01     2.5964e-02     1.7889e-03     4.806894e-01          2.2843e+00     7.3693e+00     3.3718e+00     

    127         0     15207     -1.001e+01      1.900e+01     3.2045e+00     1.5406e+01     5.1772e+00      7.206e+01     4.5848e-03     1.0778e-03     4.801894e-01          2.2789e+00     7.3683e+00     3.3675e+00     
    127         1     15252     -8.755e+00      1.939e+01     3.0204e+00     1.5377e+01     5.0989e+00      7.193e+01     6.0439e-03     5.2571e-04     4.801894e-01          2.1721e+00     7.3313e+00     3.2870e+00     

    128         0     15342     -8.541e+00      1.943e+01     2.9835e+00     1.5358e+01     5.0776e+00      7.190e+01     7.4605e-04     5.2965e-04     4.796894e-01          2.1505e+00     7.3169e+00     3.2682e+00     
    128         1     15387     -8.526e+00      1.943e+01     2.9813e+00     1.5358e+01     5.0768e+00      7.190e+01     6.9381e-04     4.0557e-04     4.796894e-01          2.1494e+00     7.3164e+00     3.2672e+00     

    129         0     15477     -8.285e+00      1.946e+01     2.9406e+00     1.5333e+01     5.0521e+00      7.189e+01     1.9274e-03     1.2139e-03     4.791894e-01          2.1255e+00     7.2983e+00     3.2455e+00     
    129         1     15522     -2.491e+00      2.072e+01     1.7980e+00     1.4940e+01     4.6209e+00      7.193e+01     2.7865e-01     3.2783e-04     4.791894e-01          1.4018e+00     6.8938e+00     2.7135e+00     

    130         0     15612     -4.391e+00      2.054e+01     2.2372e+00     1.5175e+01     4.7843e+00      7.163e+01     5.3897e-02     4.3500e-03     4.786745e-01          1.7009e+00     7.1112e+00     2.9361e+00     
    130         1     15657     -5.334e+00      2.033e+01     2.4248e+00     1.5243e+01     4.8550e+00      7.162e+01     7.3931e-03     1.3497e-03     4.786745e-01          1.8174e+00     7.1755e+00     3.0214e+00     

    131         0     15747     -5.522e+00      2.022e+01     2.4568e+00     1.5227e+01     4.8554e+00      7.164e+01     1.4189e-03     5.3695e-04     4.780162e-01          1.8368e+00     7.1723e+00     3.0301e+00     
    131         1     15792     -5.317e+00      2.029e+01     2.4167e+00     1.5223e+01     4.8426e+00      7.162e+01     3.1754e-04     1.0259e-04     4.780162e-01          1.8123e+00     7.1639e+00     3.0136e+00     

    132         0     15882     -4.768e+00      2.024e+01     2.2938e+00     1.5117e+01     4.7626e+00      7.162e+01     3.5876e-03     2.5506e-03     4.757107e-01          1.7374e+00     7.0902e+00     2.9417e+00     
    132         1     15927     -4.309e+00      2.038e+01     2.1960e+00     1.5108e+01     4.7332e+00      7.158e+01     2.0109e-03     5.6903e-05     4.757107e-01          1.6755e+00     7.0670e+00     2.9015e+00     

    133         0     16017     -3.370e+00      2.017e+01     1.9552e+00     1.4882e+01     4.5734e+00      7.160e+01     1.1365e-02     4.8713e-03     4.706747e-01          1.5222e+00     6.9084e+00     2.7547e+00     
    133         1     16062     -3.319e+00      2.020e+01     1.9416e+00     1.4890e+01     4.5730e+00      7.158e+01     1.4183e-04     1.3375e-04     4.706747e-01          1.5123e+00     6.9074e+00     2.7520e+00     

    134         0     16107     -2.237e+00      1.930e+01     1.5981e+00     1.4375e+01     4.2653e+00      7.169e+01     2.7263e-02     1.0836e-02     4.585951e-01          1.2767e+00     6.5786e+00     2.4927e+00     
    134         1     16152     -2.361e+00      1.929e+01     1.6343e+00     1.4392e+01     4.2828e+00      7.163e+01     5.9375e-04     3.3935e-04     4.585951e-01          1.3017e+00     6.5914e+00     2.5168e+00     

    135         0     16197     -1.854e+00      1.798e+01     1.4243e+00     1.3800e+01     3.9736e+00      7.163e+01     1.5118e-02     8.4653e-03     4.438740e-01          1.1449e+00     6.2484e+00     2.2925e+00     
    135         1     16242     -1.931e+00      1.798e+01     1.4487e+00     1.3805e+01     3.9865e+00      7.159e+01     3.2016e-04     1.5129e-04     4.438740e-01          1.1634e+00     6.2567e+00     2.3108e+00     

    136         0     16287     -1.730e+00      1.676e+01     1.3372e+00     1.3286e+01     3.7355e+00      7.143e+01     6.2939e-03     5.5550e-03     4.306118e-01          1.0750e+00     5.9736e+00     2.1477e+00     
    136         1     16332     -1.752e+00      1.676e+01     1.3439e+00     1.3287e+01     3.7418e+00      7.141e+01     1.0772e-04     6.0275e-05     4.306118e-01          1.0801e+00     5.9766e+00     2.1551e+00     

    137         0     16375     -1.629e+00      1.535e+01     1.2505e+00     1.2694e+01     3.4673e+00      7.104e+01     5.7909e-03     6.2694e-03     4.152082e-01          1.0024e+00     5.6641e+00     1.9867e+00     
    137         1     16420     -1.645e+00      1.535e+01     1.2555e+00     1.2694e+01     3.4741e+00      7.102e+01     2.6598e-04     2.2310e-04     4.152082e-01          1.0066e+00     5.6669e+00     1.9932e+00     

    138         0     16463     -1.581e+00      1.372e+01     1.1726e+00     1.2009e+01     3.1685e+00      7.034e+01     6.3297e-03     7.7305e-03     3.970498e-01          9.3497e-01     5.3159e+00     1.8146e+00     
    138         1     16508     -1.587e+00      1.373e+01     1.1754e+00     1.2008e+01     3.1761e+00      7.031e+01     3.0415e-04     3.0494e-04     3.970498e-01          9.3831e-01     5.3178e+00     1.8198e+00     

    139         0     16551     -1.596e+00      1.246e+01     1.1287e+00     1.1470e+01     2.9470e+00      6.956e+01     4.0294e-03     5.3425e-03     3.825116e-01          8.9885e-01     5.0513e+00     1.6932e+00     
    139         1     16596     -1.573e+00      1.247e+01     1.1226e+00     1.1468e+01     2.9496e+00      6.954e+01     1.0902e-04     1.1968e-04     3.825116e-01          8.9283e-01     5.0490e+00     1.6914e+00     

    140         0     16633     -1.625e+00      1.014e+01     1.0469e+00     1.0462e+01     2.5314e+00      6.765e+01     1.2599e-02     1.5533e-02     3.546970e-01          8.3122e-01     4.5580e+00     1.4636e+00     
    140         1     16678     -1.577e+00      1.017e+01     1.0321e+00     1.0458e+01     2.5415e+00      6.761e+01     8.1710e-04     6.1761e-04     3.546970e-01          8.1458e-01     4.5551e+00     1.4620e+00     

    141         0     16715     -1.730e+00      4.336e+00     8.2469e-01     7.8115e+00     1.4362e+00      5.914e+01     8.3625e-02     1.2614e-01     2.757191e-01          6.4064e-01     3.2729e+00     8.5582e-01     
    141         1     16760     -1.678e+00      4.609e+00     8.0414e-01     7.7435e+00     1.5466e+00      5.883e+01     8.9907e-03     7.5430e-03     2.757191e-01          6.2145e-01     3.2787e+00     8.9918e-01     

    142         0     16850     -1.816e+00      8.932e-01     6.2022e-01     5.6391e+00     7.8022e-01      4.760e+01     7.0275e-02     9.9177e-02     2.064580e-01          4.7613e-01     2.3246e+00     4.6850e-01     
    142         1     16895     -1.709e+00      1.111e+00     5.9620e-01     5.5431e+00     8.5709e-01      4.738e+01     1.6300e-02     1.9944e-03     2.064580e-01          4.4432e-01     2.2768e+00     4.9445e-01     

    143         0     16985     -1.818e+00     -6.425e-01     4.6114e-01     4.1384e+00     4.3698e-01      3.744e+01     5.1939e-02     6.0786e-02     1.570696e-01          3.4568e-01     1.6871e+00     2.4280e-01     
    143         1     17030     -1.771e+00     -5.213e-01     4.5034e-01     4.0838e+00     4.8210e-01      3.736e+01     8.9787e-03     8.7632e-04     1.570696e-01          3.2958e-01     1.6454e+00     2.7140e-01     

    144         0     17120     -1.854e+00     -1.334e+00     3.5500e-01     3.1027e+00     2.5392e-01      2.929e+01     3.6462e-02     4.0022e-02     1.213855e-01          2.6115e-01     1.2418e+00     1.5112e-01     
    144         1     17165     -1.849e+00     -1.281e+00     3.4973e-01     3.0832e+00     2.8075e-01      2.928e+01     3.4943e-03     2.5135e-03     1.213855e-01          2.5187e-01     1.2267e+00     1.5452e-01     

    145         0     17210     -1.943e+00     -1.744e+00     2.6644e-01     2.2490e+00     1.3447e-01      2.176e+01     3.5364e-02     3.0904e-02     9.026273e-02          1.9085e-01     8.9466e-01     9.0915e-02     
    145         1     17255     -1.954e+00     -1.728e+00     2.6347e-01     2.2472e+00     1.5061e-01      2.181e+01     2.3457e-03     3.1118e-03     9.026273e-02          1.8955e-01     8.8991e-01     8.9835e-02     

    146         0     17345     -2.059e+00     -1.987e+00     1.9887e-01     1.6017e+00     6.7111e-02      1.551e+01     3.5497e-02     1.3901e-02     6.537063e-02          1.4228e-01     6.3699e-01     4.8252e-02     
    146         1     17390     -2.081e+00     -1.999e+00     1.9624e-01     1.6059e+00     7.5921e-02      1.557e+01     2.6349e-03     8.6776e-04     6.537063e-02          1.4269e-01     6.3259e-01     4.6889e-02     

    147         0     17435     -2.178e+00     -2.144e+00     1.5635e-01     1.2211e+00     4.1001e-02      1.159e+01     2.1274e-02     7.3689e-03     5.010245e-02          1.1611e-01     4.7831e-01     2.9360e-02     
    147         1     17480     -2.194e+00     -2.158e+00     1.5481e-01     1.2231e+00     4.3649e-02      1.162e+01     8.7086e-04     8.0672e-04     5.010245e-02          1.1337e-01     4.7912e-01     2.7660e-02     

    148         0     17568     -2.310e+00     -2.297e+00     1.1904e-01     8.9201e-01     2.0922e-02      8.022e+00     2.2911e-02     3.1880e-03     3.669457e-02          8.7731e-02     3.4881e-01     1.4193e-02     
    148         1     17613     -2.331e+00     -2.317e+00     1.1809e-01     8.9415e-01     2.3646e-02      8.042e+00     9.2824e-04     2.0213e-04     3.669457e-02          8.7214e-02     3.4689e-01     1.4870e-02     

    149         0     17658     -2.498e+00     -2.496e+00     7.9091e-02     5.5258e-01     7.1835e-03      4.094e+00     3.5662e-02     5.8839e-03     2.260488e-02          5.6977e-02     2.2177e-01     4.4851e-03     
    149         1     17703     -2.535e+00     -2.531e+00     7.7629e-02     5.5282e-01     9.9752e-03      4.105e+00     1.3640e-03     3.3188e-04     2.260488e-02          5.8044e-02     2.1095e-01     5.7988e-03     

    150         0     17748     -2.799e+00     -2.798e+00     3.1587e-02     1.8678e-01     5.5660e-03     -5.727e-01     5.0273e-02     5.6076e-03     7.193198e-03          2.3835e-02     8.7358e-02     3.5370e-03     
    150         1     17793     -2.845e+00     -2.845e+00     2.7010e-02     1.7828e-01     2.4986e-03     -5.984e-01     1.9530e-03     1.0049e-03     7.193198e-03          2.0449e-02     7.0043e-02     1.6085e-03     

    151         0     17883     -3.001e+00     -3.000e+00     7.6700e-03     2.1677e-02     5.9297e-03     -2.897e+00     1.9975e-02     5.8982e-03     3.180408e-04          6.7084e-03     2.0716e-02     3.8826e-03     
    151         1     17928     -2.996e+00     -2.996e+00     1.4835e-03     7.2039e-03     2.4718e-03     -2.893e+00     1.8361e-03     2.4265e-03     3.180408e-04          9.8538e-04     2.9281e-03     2.0184e-03     

    152         0     18018     -2.999e+00     -2.999e+00     1.0386e-03     1.1350e-03     1.1137e-03     -2.999e+00     1.5385e-03     1.1137e-03     -5.421011e-20          8.9664e-04     7.4189e-04     7.2466e-04     
    152         1     18063     -3.000e+00     -3.000e+00     1.7230e-04     3.5733e-04     3.3464e-04     -3.000e+00     3.9670e-04     3.3464e-04     -5.421011e-20          1.3768e-04     2.8255e-04     2.3185e-04     
    152         2     18108     -3.000e+00     -3.000e+00     1.8299e-05     9.5521e-05     6.1858e-05     -3.000e+00     9.7258e-05     6.1858e-05     -5.421011e-20          1.2818e-05     6.8977e-05     3.6599e-05     
    152         3     18153     -3.000e+00     -3.000e+00     1.1812e-05     1.4270e-05     3.4701e-05     -3.000e+00     1.8524e-05     3.4701e-05     -5.421011e-20          7.5669e-06     1.0389e-05     1.7654e-05     
    152         4     18198     -3.000e+00     -3.000e+00     1.8056e-07     7.5504e-07     1.4985e-06     -3.000e+00     7.7633e-07     1.4985e-06     -5.421011e-20          1.2150e-07     4.3868e-07     8.1749e-07     
    152         5     18243     -3.000e+00     -3.000e+00     4.5799e-08     2.4785e-07     2.8718e-07     -3.000e+00     2.5205e-07     2.8718e-07     -5.421011e-20          3.5085e-08     1.6370e-07     1.4362e-07     
