# FSTOPO Homotopy iteration timing history
# Iter    Time (s)    Total Time (s)    Objective Val    max(abs(-S*Lam))   negative S   postive Lam
    0        2.02        2.02        264.654      0.000000     0     0
    1        10.10        12.13        264.645      0.000005     0     0
    2        8.79        20.92        264.634      0.000024     0     0
    3        8.83        29.75        264.624      0.000056     0     0
    4        10.00        39.75        264.614      0.000101     0     0
    5        8.91        48.66        264.604      0.000158     0     0
    6        8.86        57.52        264.594      0.000224     0     0
    7        8.87        66.39        264.585      0.000299     0     0
    8        9.24        75.63        264.575      0.000382     0     0
    9        9.34        84.97        264.567      0.000472     0     0
   10        9.29        94.26        264.558      0.000567     0     0
   11        9.29        103.54        264.55      0.000666     0     0
   12        9.32        112.86        264.542      0.000770     0     0
   13        9.35        122.22        264.534      0.000878     0     0
   14        9.37        131.59        264.527      0.000988     0     0
   15        9.40        140.99        264.519      0.001102     0     0
   16        9.50        150.49        264.512      0.001218     0     0
   17        10.03        160.52        264.505      0.001337     0     0
   18        9.82        170.34        264.498      0.001458     0     0
   19        9.87        180.20        264.492      0.001582     0     0
   20        9.86        190.07        264.485      0.001708     0     0
   21        9.93        200.00        264.479      0.001836     0     0
   22        9.99        209.99        264.472      0.001966     0     0
   23        9.93        219.92        264.466      0.002098     0     0
   24        9.93        229.85        264.46      0.002233     0     0
   25        9.97        239.82        264.453      0.002369     0     0
   26        9.98        249.80        264.447      0.002508     0     0
   27        9.98        259.79        264.441      0.002650     0     0
   28        10.03        269.81        264.435      0.002793     0     0
   29        10.07        279.88        264.429      0.002940     0     0
   30        10.02        289.90        264.422      0.003089     0     0
   31        10.03        299.93        264.416      0.003240     0     0
   32        10.06        310.00        264.41      0.003395     0     0
   33        10.08        320.07        264.404      0.003552     0     0
   34        10.10        330.17        264.397      0.003713     0     0
   35        10.11        340.28        264.391      0.003877     0     0
   36        10.09        350.38        264.385      0.004044     0     0
   37        10.09        360.47        264.378      0.004215     0     0
   38        10.09        370.56        264.372      0.004389     0     0
   39        10.08        380.64        264.365      0.004568     0     0
   40        10.13        390.76        264.358      0.004751     0     0
   41        11.17        401.94        264.351      0.004938     0     0
   42        10.12        412.06        264.344      0.005130     0     0
   43        10.10        422.16        264.337      0.005327     0     0
   44        10.09        432.25        264.33      0.005529     0     0
   45        10.06        442.32        264.322      0.005736     0     0
   46        10.08        452.39        264.315      0.005950     0     0
   47        10.07        462.46        264.307      0.006169     0     0
   48        10.09        472.55        264.299      0.006395     0     0
   49        10.09        482.63        264.29      0.006628     0     0
   50        10.08        492.72        264.282      0.006869     0     0
   51        10.10        502.82        264.273      0.007117     0     0
   52        11.45        514.27        264.263      0.007374     0     0
   53        10.04        524.30        264.253      0.007639     0     0
   54        10.05        534.36        264.243      0.007914     0     0
   55        10.64        545.00        264.232      0.008199     0     0
   56        10.68        555.68        264.221      0.008495     0     0
   57        11.17        566.85        264.209      0.008801     0     0
   58        11.19        578.04        264.196      0.009120     0     0
   59        11.18        589.22        264.182      0.009451     0     0
   60        11.19        600.41        264.167      0.009793     0     0
   61        13.44        613.85        264.152      0.010137     0     0
   62        13.60        627.46        264.137      0.010479     0     0
   63        13.42        640.88        264.121      0.010811     0     0
   64        13.82        654.70        264.105      0.011129     0     0
   65        13.83        668.52        264.09      0.011429     0     0
   66        13.81        682.33        264.074      0.011709     0     0
   67        13.74        696.07        264.06      0.011968     0     0
   68        11.31        707.38        264.046      0.012204     0     0
   69        11.37        718.74        264.033      0.012419     0     0
   70        11.38        730.13        264.02      0.012613     0     0
   71        11.39        741.51        264.009      0.012788     0     0
   72        11.49        753.00        263.998      0.012944     0     0
   73        11.47        764.48        263.988      0.013084     0     0
   74        10.80        775.28        263.979      0.013208     0     0
   75        10.83        786.11        263.971      0.013318     0     0
   76        10.82        796.93        263.963      0.013417     0     0
   77        10.82        807.75        263.957      0.013504     0     0
   78        10.84        818.59        263.951      0.013581     0     0
   79        10.84        829.43        263.945      0.013649     0     0
   80        10.86        840.29        263.94      0.013710     0     0
   81        10.86        851.15        263.935      0.013763     0     0
   82        10.90        862.05        263.931      0.013811     0     0
   83        11.09        873.14        263.928      0.013853     0     0
   84        10.93        884.07        263.925      0.013890     0     0
   85        10.87        894.94        263.922      0.013922     0     0
   86        10.88        905.82        263.919      0.013951     0     0
   87        10.93        916.75        263.917      0.013977     0     0
   88        10.93        927.68        263.915      0.013999     0     0
   89        10.93        938.60        263.913      0.014019     0     0
   90        10.90        949.50        263.912      0.014037     0     0
   91        10.89        960.39        263.91      0.014052     0     0
   92        10.89        971.28        263.909      0.014067     0     0
   93        10.89        982.17        263.907      0.014082     0     0
   94        11.00        993.17        263.906      0.014096     0     0
   95        10.91        1004.08        263.905      0.014111     0     0
   96        10.88        1014.97        263.903      0.014125     0     0
   97        10.88        1025.85        263.902      0.014140     0     0
   98        10.89        1036.74        263.901      0.014154     0     0
   99        10.89        1047.64        263.899      0.014169     0     0
  100        10.90        1058.54        263.898      0.014183     0     0
  101        10.90        1069.43        263.897      0.014197     0     0
  102        10.89        1080.32        263.895      0.014211     0     0
  103        10.88        1091.21        263.894      0.014226     0     0
  104        10.89        1102.10        263.892      0.014240     0     0
  105        11.23        1113.33        263.891      0.014254     0     0
  106        10.91        1124.24        263.89      0.014268     0     0
  107        10.89        1135.12        263.888      0.014282     0     0
  108        10.89        1146.02        263.887      0.014296     0     0
  109        10.89        1156.91        263.886      0.014310     0     0
  110        10.90        1167.81        263.884      0.014324     0     0
  111        10.90        1178.71        263.883      0.014338     0     0
  112        10.87        1189.58        263.881      0.014352     0     0
  113        10.87        1200.45        263.88      0.014366     0     0
  114        10.86        1211.31        263.879      0.014380     0     0
  115        10.87        1222.18        263.877      0.014394     0     0
  116        11.07        1233.24        263.876      0.014408     0     0
  117        10.88        1244.13        263.875      0.014421     0     0
  118        10.86        1254.98        263.873      0.014435     0     0
  119        10.86        1265.84        263.872      0.014449     0     0
  120        10.85        1276.70        263.87      0.014462     0     0
  121        10.87        1287.57        263.869      0.014476     0     0
  122        10.86        1298.43        263.867      0.014490     0     0
  123        10.86        1309.29        263.866      0.014503     0     0
  124        10.87        1320.16        263.865      0.014517     0     0
  125        10.87        1331.03        263.863      0.014530     0     0
  126        10.86        1341.89        263.862      0.014544     0     0
  127        11.08        1352.97        263.86      0.014557     0     0
  128        10.90        1363.87        263.859      0.014570     0     0
  129        10.87        1374.74        263.858      0.014584     0     0
  130        10.86        1385.60        263.856      0.014597     0     0
  131        10.86        1396.46        263.855      0.014610     0     0
  132        10.84        1407.29        263.853      0.014623     0     0
  133        10.86        1418.15        263.852      0.014637     0     0
  134        10.83        1428.99        263.85      0.014650     0     0
  135        10.85        1439.84        263.849      0.014663     0     0
  136        10.84        1450.68        263.847      0.014676     0     0
  137        10.83        1461.51        263.846      0.014689     0     0
  138        11.03        1472.54        263.845      0.014702     0     0
  139        10.83        1483.37        263.843      0.014715     0     0
  140        10.80        1494.17        263.842      0.014728     0     0
  141        10.76        1504.93        263.84      0.014741     0     0
  142        10.71        1515.63        263.839      0.014754     0     0
  143        10.71        1526.35        263.837      0.014767     0     0
  144        10.69        1537.03        263.836      0.014779     0     0
  145        10.71        1547.74        263.834      0.014792     0     0
  146        10.79        1558.53        263.833      0.014805     0     0
  147        10.78        1569.31        263.831      0.014818     0     0
  148        10.81        1580.12        263.83      0.014830     0     0
  149        10.93        1591.05        263.828      0.014843     0     0
  150        10.88        1601.93        263.827      0.014856     0     0
  151        10.81        1612.75        263.825      0.014868     0     0
  152        10.84        1623.58        263.824      0.014881     0     0
  153        10.83        1634.41        263.822      0.014893     0     0
  154        10.84        1645.25        263.821      0.014906     0     0
  155        10.84        1656.09        263.82      0.014918     0     0
  156        10.83        1666.92        263.818      0.014931     0     0
  157        10.84        1677.76        263.817      0.014943     0     0
  158        10.84        1688.61        263.815      0.014955     0     0
  159        10.83        1699.44        263.813      0.014968     0     0
  160        10.84        1710.28        263.812      0.014980     0     0
  161        10.91        1721.19        263.81      0.014992     0     0
  162        10.83        1732.02        263.809      0.015004     0     0
  163        10.83        1742.85        263.807      0.015016     0     0
  164        10.84        1753.69        263.806      0.015029     0     0
  165        10.83        1764.52        263.804      0.015041     0     0
  166        10.81        1775.32        263.803      0.015053     0     0
  167        10.81        1786.13        263.801      0.015065     0     0
  168        10.80        1796.93        263.8      0.015077     0     0
  169        10.81        1807.73        263.798      0.015089     0     0
  170        10.81        1818.54        263.797      0.015101     0     0
  171        10.81        1829.36        263.795      0.015113     0     0
  172        11.01        1840.36        263.794      0.015125     0     0
  173        10.81        1851.18        263.792      0.015137     0     0
  174        10.80        1861.98        263.791      0.015148     0     0
  175        10.82        1872.80        263.789      0.015160     0     0
  176        10.80        1883.61        263.787      0.015172     0     0
  177        10.82        1894.43        263.786      0.015184     0     0
  178        10.81        1905.24        263.784      0.015195     0     0
  179        10.82        1916.06        263.783      0.015207     0     0
  180        10.81        1926.87        263.781      0.015219     0     0
  181        10.82        1937.69        263.78      0.015230     0     0
  182        10.81        1948.49        263.778      0.015242     0     0
  183        10.92        1959.41        263.776      0.015253     0     0
  184        10.81        1970.22        263.775      0.015265     0     0
  185        10.81        1981.04        263.773      0.015276     0     0
  186        10.81        1991.85        263.772      0.015288     0     0
  187        10.82        2002.66        263.77      0.015299     0     0
  188        10.86        2013.53        263.769      0.015311     0     0
  189        10.82        2024.35        263.767      0.015322     0     0
  190        10.82        2035.17        263.765      0.015333     0     0
  191        10.83        2046.00        263.764      0.015345     0     0
  192        10.83        2056.82        263.762      0.015356     0     0
  193        10.82        2067.64        263.761      0.015367     0     0
  194        11.07        2078.71        263.759      0.015378     0     0
  195        10.80        2089.51        263.757      0.015389     0     0
  196        10.80        2100.32        263.756      0.015400     0     0
  197        10.80        2111.12        263.754      0.015412     0     0
  198        10.80        2121.92        263.752      0.015423     0     0
  199        10.81        2132.72        263.751      0.015434     0     0
  200        10.81        2143.53        263.749      0.015445     0     0
  201        10.81        2154.34        263.748      0.015456     0     0
  202        10.80        2165.15        263.746      0.015467     0     0
  203        10.80        2175.95        263.744      0.015478     0     0
  204        10.78        2186.73        263.743      0.015488     0     0
  205        11.77        2198.50        263.741      0.015499     0     0
  206        13.06        2211.56        263.739      0.015510     0     0
  207        13.15        2224.71        263.738      0.015521     0     0
  208        13.20        2237.91        263.736      0.015532     0     0
  209        13.07        2250.98        263.734      0.015542     0     0
  210        13.14        2264.13        263.733      0.015553     0     0
  211        13.07        2277.19        263.731      0.015564     0     0
  212        13.15        2290.34        263.729      0.015574     0     0
  213        13.07        2303.41        263.728      0.015585     0     0
  214        11.88        2315.29        263.726      0.015596     0     0
  215        10.82        2326.11        263.724      0.015606     0     0
  216        10.80        2336.91        263.723      0.015617     0     0
  217        10.81        2347.72        263.721      0.015627     0     0
  218        10.81        2358.54        263.719      0.015638     0     0
  219        10.81        2369.34        263.718      0.015648     0     0
  220        10.81        2380.15        263.716      0.015659     0     0
  221        10.81        2390.96        263.714      0.015669     0     0
  222        10.78        2401.74        263.713      0.015679     0     0
  223        10.79        2412.53        263.711      0.015690     0     0
  224        10.79        2423.32        263.709      0.015700     0     0
  225        11.01        2434.33        263.708      0.015710     0     0
  226        10.79        2445.11        263.706      0.015720     0     0
  227        10.79        2455.90        263.704      0.015731     0     0
  228        10.78        2466.68        263.702      0.015741     0     0
  229        10.78        2477.46        263.701      0.015751     0     0
  230        10.78        2488.24        263.699      0.015761     0     0
  231        10.78        2499.02        263.697      0.015771     0     0
  232        10.77        2509.79        263.695      0.015781     0     0
  233        10.77        2520.56        263.694      0.015791     0     0
  234        10.78        2531.34        263.692      0.015801     0     0
  235        10.78        2542.12        263.69      0.015811     0     0
  236        10.96        2553.07        263.689      0.015821     0     0
  237        10.80        2563.88        263.687      0.015831     0     0
  238        10.78        2574.66        263.685      0.015841     0     0
  239        10.78        2585.44        263.683      0.015851     0     0
  240        10.79        2596.23        263.682      0.015861     0     0
  241        10.78        2607.01        263.68      0.015871     0     0
  242        10.83        2617.85        263.678      0.015880     0     0
  243        10.78        2628.62        263.676      0.015890     0     0
  244        10.79        2639.41        263.674      0.015900     0     0
  245        10.80        2650.21        263.673      0.015910     0     0
  246        10.79        2660.99        263.671      0.015919     0     0
  247        10.98        2671.98        263.669      0.015929     0     0
  248        10.83        2682.81        263.667      0.015939     0     0
  249        10.78        2693.59        263.666      0.015948     0     0
  250        10.79        2704.37        263.664      0.015958     0     0
  251        10.78        2715.15        263.662      0.015967     0     0
  252        10.78        2725.93        263.66      0.015977     0     0
  253        10.80        2736.73        263.658      0.015986     0     0
  254        10.78        2747.51        263.657      0.015996     0     0
  255        10.80        2758.31        263.655      0.016005     0     0
  256        10.78        2769.09        263.653      0.016014     0     0
  257        10.77        2779.87        263.651      0.016024     0     0
  258        10.83        2790.70        263.649      0.016033     0     0
  259        11.40        2802.10        263.647      0.016042     0     0
  260        10.79        2812.89        263.646      0.016052     0     0
  261        10.79        2823.68        263.644      0.016061     0     0
  262        10.77        2834.46        263.642      0.016070     0     0
  263        10.74        2845.20        263.64      0.016079     0     0
  264        10.74        2855.93        263.638      0.016089     0     0
  265        10.74        2866.68        263.636      0.016098     0     0
  266        10.74        2877.42        263.635      0.016107     0     0
  267        10.75        2888.17        263.633      0.016116     0     0
  268        10.74        2898.91        263.631      0.016125     0     0
  269        10.77        2909.67        263.629      0.016134     0     0
  270        10.83        2920.51        263.627      0.016143     0     0
  271        10.73        2931.24        263.625      0.016152     0     0
  272        10.74        2941.98        263.623      0.016161     0     0
  273        10.73        2952.71        263.621      0.016170     0     0
  274        10.73        2963.43        263.62      0.016179     0     0
  275        10.74        2974.17        263.618      0.016188     0     0
  276        10.73        2984.90        263.616      0.016197     0     0
  277        10.73        2995.62        263.614      0.016206     0     0
  278        10.72        3006.35        263.612      0.016214     0     0
  279        10.73        3017.08        263.61      0.016223     0     0
  280        10.73        3027.81        263.608      0.016232     0     0
  281        10.95        3038.76        263.606      0.016241     0     0
  282        10.74        3049.50        263.604      0.016249     0     0
  283        10.73        3060.23        263.602      0.016258     0     0
  284        10.73        3070.96        263.601      0.016267     0     0
  285        10.73        3081.69        263.599      0.016275     0     0
  286        10.73        3092.42        263.597      0.016284     0     0
  287        10.74        3103.16        263.595      0.016293     0     0
  288        10.74        3113.89        263.593      0.016301     0     0
  289        10.75        3124.64        263.591      0.016310     0     0
  290        10.75        3135.39        263.589      0.016318     0     0
  291        10.73        3146.12        263.587      0.016327     0     0
  292        10.84        3156.96        263.585      0.016335     0     0
  293        10.70        3167.67        263.583      0.016344     0     0
  294        10.69        3178.36        263.581      0.016352     0     0
  295        10.70        3189.06        263.579      0.016360     0     0
  296        10.70        3199.76        263.577      0.016369     0     0
  297        10.71        3210.47        263.575      0.016377     0     0
  298        10.71        3221.18        263.573      0.016385     0     0
  299        10.70        3231.87        263.571      0.016394     0     0
  300        10.72        3242.59        263.569      0.016402     0     0
  301        10.71        3253.30        263.567      0.016410     0     0
  302        10.71        3264.01        263.565      0.016418     0     0
  303        10.97        3274.98        263.563      0.016427     0     0
  304        10.70        3285.68        263.561      0.016435     0     0
  305        10.71        3296.39        263.559      0.016443     0     0
  306        10.70        3307.09        263.557      0.016451     0     0
  307        10.69        3317.78        263.555      0.016459     0     0
  308        10.70        3328.48        263.553      0.016467     0     0
  309        10.71        3339.19        263.551      0.016475     0     0
  310        10.70        3349.89        263.549      0.016483     0     0
  311        10.71        3360.60        263.547      0.016491     0     0
  312        10.71        3371.31        263.545      0.016499     0     0
  313        10.70        3382.01        263.543      0.016507     0     0
  314        10.81        3392.82        263.541      0.016515     0     0
  315        10.72        3403.53        263.539      0.016523     0     0
  316        10.70        3414.24        263.537      0.016531     0     0
  317        10.71        3424.94        263.535      0.016539     0     0
  318        10.70        3435.64        263.533      0.016547     0     0
  319        10.70        3446.34        263.531      0.016554     0     0
  320        10.70        3457.04        263.529      0.016562     0     0
  321        10.70        3467.74        263.526      0.016570     0     0
  322        10.70        3478.45        263.524      0.016578     0     0
  323        10.69        3489.14        263.522      0.016585     0     0
  324        10.71        3499.85        263.52      0.016593     0     0
  325        10.73        3510.57        263.518      0.016601     0     0
  326        10.87        3521.44        263.516      0.016608     0     0
  327        10.70        3532.13        263.514      0.016616     0     0
  328        10.70        3542.83        263.512      0.016624     0     0
  329        10.72        3553.55        263.51      0.016631     0     0
  330        10.70        3564.26        263.508      0.016639     0     0
  331        10.71        3574.97        263.505      0.016646     0     0
  332        10.70        3585.67        263.503      0.016654     0     0
  333        10.70        3596.37        263.501      0.016661     0     0
  334        10.68        3607.05        263.499      0.016669     0     0
  335        10.68        3617.73        263.497      0.016676     0     0
  336        10.68        3628.41        263.495      0.016684     0     0
  337        10.85        3639.25        263.493      0.016691     0     0
  338        10.68        3649.93        263.49      0.016698     0     0
  339        10.67        3660.60        263.488      0.016706     0     0
  340        10.67        3671.28        263.486      0.016713     0     0
  341        10.68        3681.95        263.484      0.016720     0     0
  342        10.69        3692.64        263.482      0.016728     0     0
  343        10.69        3703.33        263.48      0.016735     0     0
  344        10.69        3714.01        263.477      0.016742     0     0
  345        10.68        3724.70        263.475      0.016749     0     0
  346        10.68        3735.38        263.473      0.016757     0     0
  347        10.67        3746.04        263.471      0.016764     0     0
  348        10.82        3756.86        263.469      0.016771     0     0
  349        10.69        3767.55        263.466      0.016778     0     0
  350        10.68        3778.23        263.464      0.016785     0     0
  351        10.68        3788.90        263.462      0.016792     0     0
  352        10.68        3799.58        263.46      0.016799     0     0
  353        10.68        3810.26        263.457      0.016806     0     0
  354        10.68        3820.94        263.455      0.016813     0     0
  355        10.66        3831.61        263.453      0.016820     0     0
  356        10.67        3842.28        263.451      0.016827     0     0
  357        10.67        3852.95        263.448      0.016834     0     0
  358        10.67        3863.62        263.446      0.016841     0     0
  359        10.78        3874.40        263.444      0.016848     0     0
  360        10.69        3885.09        263.442      0.016855     0     0
  361        10.69        3895.78        263.439      0.016862     0     0
  362        10.69        3906.47        263.437      0.016869     0     0
  363        10.68        3917.14        263.435      0.016876     0     0
  364        10.69        3927.83        263.433      0.016883     0     0
  365        10.69        3938.52        263.43      0.016889     0     0
  366        10.67        3949.19        263.428      0.016896     0     0
  367        10.69        3959.88        263.426      0.016903     0     0
  368        10.68        3970.56        263.423      0.016910     0     0
  369        10.77        3981.33        263.421      0.016916     0     0
  370        10.85        3992.18        263.419      0.016923     0     0
  371        11.09        4003.27        263.416      0.016930     0     0
  372        11.23        4014.49        263.414      0.016936     0     0
  373        11.57        4026.06        263.412      0.016943     0     0
  374        13.10        4039.16        263.409      0.016950     0     0
  375        13.10        4052.26        263.407      0.016956     0     0
  376        12.14        4064.41        263.405      0.016963     0     0
  377        10.68        4075.09        263.402      0.016969     0     0
  378        10.70        4085.79        263.4      0.016976     0     0
  379        10.69        4096.49        263.398      0.016982     0     0
  380        13.11        4109.60        263.395      0.016989     0     0
  381        10.90        4120.50        263.393      0.016995     0     0
  382        10.68        4131.18        263.39      0.017002     0     0
  383        10.67        4141.85        263.388      0.017008     0     0
  384        10.69        4152.53        263.386      0.017015     0     0
  385        10.70        4163.23        263.383      0.017021     0     0
  386        10.69        4173.92        263.381      0.017027     0     0
  387        10.68        4184.60        263.379      0.017034     0     0
  388        10.69        4195.29        263.376      0.017040     0     0
  389        10.71        4206.00        263.374      0.017046     0     0
  390        10.71        4216.71        263.371      0.017053     0     0
  391        10.69        4227.40        263.369      0.017059     0     0
  392        10.82        4238.23        263.366      0.017065     0     0
  393        10.68        4248.91        263.364      0.017071     0     0
  394        10.68        4259.58        263.361      0.017078     0     0
  395        10.66        4270.25        263.359      0.017084     0     0
  396        10.68        4280.93        263.357      0.017090     0     0
  397        10.68        4291.61        263.354      0.017096     0     0
  398        10.68        4302.28        263.352      0.017102     0     0
  399        10.68        4312.96        263.349      0.017108     0     0
  400        10.68        4323.64        263.347      0.017115     0     0
  401        10.67        4334.31        263.344      0.017121     0     0
  402        10.68        4344.99        263.342      0.017127     0     0
  403        11.21        4356.20        263.339      0.017133     0     0
  404        12.05        4368.25        263.337      0.017139     0     0
  405        10.68        4378.93        263.334      0.017145     0     0
  406        10.67        4389.60        263.332      0.017151     0     0
  407        10.69        4400.29        263.329      0.017157     0     0
  408        10.68        4410.97        263.327      0.017163     0     0
  409        10.68        4421.65        263.324      0.017169     0     0
  410        10.67        4432.32        263.322      0.017175     0     0
  411        10.67        4442.99        263.319      0.017180     0     0
  412        10.67        4453.66        263.316      0.017186     0     0
  413        10.65        4464.30        263.314      0.017192     0     0
  414        10.81        4475.11        263.311      0.017198     0     0
  415        10.65        4485.76        263.309      0.017204     0     0
  416        10.64        4496.40        263.306      0.017210     0     0
  417        10.65        4507.05        263.304      0.017215     0     0
  418        10.65        4517.69        263.301      0.017221     0     0
  419        10.64        4528.33        263.298      0.017227     0     0
  420        10.65        4538.98        263.296      0.017233     0     0
  421        10.66        4549.64        263.293      0.017238     0     0
  422        10.63        4560.27        263.291      0.017244     0     0
  423        10.62        4570.89        263.288      0.017250     0     0
  424        10.62        4581.51        263.285      0.017255     0     0
  425        10.74        4592.26        263.283      0.017261     0     0
  426        10.69        4602.95        263.28      0.017267     0     0
  427        10.63        4613.58        263.277      0.017272     0     0
  428        10.64        4624.22        263.275      0.017278     0     0
  429        10.63        4634.85        263.272      0.017284     0     0
  430        10.62        4645.48        263.269      0.017289     0     0
  431        10.63        4656.11        263.267      0.017295     0     0
  432        10.64        4666.75        263.264      0.017300     0     0
  433        10.63        4677.38        263.261      0.017306     0     0
  434        10.63        4688.01        263.259      0.017311     0     0
  435        10.63        4698.64        263.256      0.017317     0     0
  436        10.67        4709.30        263.253      0.017322     0     0
  437        10.72        4720.02        263.251      0.017327     0     0
  438        10.63        4730.65        263.248      0.017333     0     0
  439        10.60        4741.25        263.245      0.017338     0     0
  440        10.60        4751.85        263.242      0.017344     0     0
  441        10.62        4762.47        263.24      0.017349     0     0
  442        10.62        4773.09        263.237      0.017354     0     0
  443        10.60        4783.69        263.234      0.017360     0     0
  444        10.60        4794.29        263.231      0.017365     0     0
  445        10.60        4804.89        263.229      0.017370     0     0
  446        10.61        4815.50        263.226      0.017376     0     0
  447        10.61        4826.10        263.223      0.017381     0     0
  448        10.72        4836.83        263.22      0.017386     0     0
  449        10.61        4847.44        263.218      0.017391     0     0
  450        10.61        4858.05        263.215      0.017397     0     0
  451        10.60        4868.65        263.212      0.017402     0     0
  452        10.60        4879.25        263.209      0.017407     0     0
  453        10.61        4889.86        263.206      0.017412     0     0
  454        10.60        4900.46        263.203      0.017417     0     0
  455        10.59        4911.05        263.201      0.017422     0     0
  456        10.60        4921.66        263.198      0.017428     0     0
  457        10.61        4932.27        263.195      0.017433     0     0
  458        10.62        4942.88        263.192      0.017438     0     0
  459        10.77        4953.65        263.189      0.017443     0     0
  460        10.62        4964.27        263.186      0.017448     0     0
  461        10.61        4974.88        263.183      0.017453     0     0
  462        10.60        4985.48        263.181      0.017458     0     0
  463        10.60        4996.09        263.178      0.017463     0     0
  464        10.59        5006.68        263.175      0.017468     0     0
  465        10.62        5017.30        263.172      0.017473     0     0
  466        10.60        5027.90        263.169      0.017478     0     0
  467        10.59        5038.49        263.166      0.017483     0     0
  468        10.60        5049.09        263.163      0.017488     0     0
  469        10.60        5059.70        263.16      0.017493     0     0
  470        10.61        5070.30        263.157      0.017498     0     0
  471        10.74        5081.04        263.154      0.017502     0     0
  472        10.61        5091.65        263.151      0.017507     0     0
  473        10.60        5102.25        263.148      0.017512     0     0
  474        10.60        5112.85        263.145      0.017517     0     0
  475        10.60        5123.44        263.142      0.017522     0     0
  476        10.61        5134.05        263.139      0.017527     0     0
  477        10.62        5144.67        263.136      0.017531     0     0
  478        10.60        5155.27        263.133      0.017536     0     0
  479        10.60        5165.87        263.13      0.017541     0     0
  480        10.60        5176.47        263.127      0.017546     0     0
  481        10.61        5187.08        263.124      0.017550     0     0
  482        10.77        5197.86        263.121      0.017555     0     0
  483        10.60        5208.46        263.118      0.017560     0     0
  484        10.61        5219.07        263.115      0.017564     0     0
  485        10.61        5229.68        263.112      0.017569     0     0
  486        10.60        5240.27        263.109      0.017574     0     0
  487        10.60        5250.88        263.106      0.017578     0     0
  488        10.60        5261.48        263.103      0.017583     0     0
  489        10.61        5272.08        263.1      0.017588     0     0
  490        10.60        5282.68        263.097      0.017592     0     0
  491        10.60        5293.28        263.094      0.017597     0     0
  492        10.60        5303.89        263.091      0.017601     0     0
  493        10.83        5314.72        263.088      0.017606     0     0
  494        10.60        5325.32        263.084      0.017610     0     0
  495        10.59        5335.91        263.081      0.017615     0     0
  496        10.60        5346.51        263.078      0.017620     0     0
  497        10.62        5357.13        263.075      0.017624     0     0
  498        10.62        5367.75        263.072      0.017628     0     0
  499        10.61        5378.36        263.069      0.017633     0     0
  500        10.61        5388.98        263.065      0.017637     0     0
  501        10.62        5399.60        263.062      0.017642     0     0
  502        10.61        5410.21        263.059      0.017646     0     0
  503        10.84        5421.05        263.056      0.017651     0     0
  504        10.66        5431.71        263.053      0.017655     0     0
  505        10.70        5442.41        263.049      0.017659     0     0
  506        10.63        5453.04        263.046      0.017664     0     0
  507        10.61        5463.65        263.043      0.017668     0     0
  508        10.61        5474.25        263.04      0.017672     0     0
  509        10.59        5484.85        263.036      0.017677     0     0
  510        10.61        5495.46        263.033      0.017681     0     0
  511        10.60        5506.06        263.03      0.017685     0     0
  512        10.60        5516.66        263.027      0.017690     0     0
  513        10.60        5527.27        263.023      0.017694     0     0
  514        10.61        5537.88        263.02      0.017698     0     0
  515        10.61        5548.48        263.017      0.017702     0     0
  516        11.78        5560.26        263.013      0.017707     0     0
  517        10.63        5570.89        263.01      0.017711     0     0
  518        10.62        5581.51        263.007      0.017715     0     0
  519        10.61        5592.12        263.004      0.017719     0     0
  520        10.65        5602.77         263      0.017723     0     0
  521        10.68        5613.45        262.997      0.017727     0     0
  522        10.62        5624.07        262.993      0.017732     0     0
  523        10.62        5634.69        262.99      0.017736     0     0
  524        10.61        5645.31        262.987      0.017740     0     0
  525        10.62        5655.93        262.983      0.017744     0     0
  526        10.62        5666.54        262.98      0.017748     0     0
  527        11.64        5678.19        262.976      0.017752     0     0
  528        10.66        5688.84        262.973      0.017756     0     0
  529        10.64        5699.48        262.97      0.017760     0     0
  530        10.64        5710.12        262.966      0.017764     0     0
  531        10.63        5720.76        262.963      0.017768     0     0
  532        10.63        5731.38        262.959      0.017772     0     0
  533        10.64        5742.02        262.956      0.017776     0     0
  534        10.62        5752.65        262.952      0.017780     0     0
  535        10.63        5763.27        262.949      0.017784     0     0
  536        10.63        5773.90        262.945      0.017788     0     0
  537        10.63        5784.53        262.942      0.017792     0     0
  538        10.75        5795.28        262.938      0.017796     0     0
  539        10.62        5805.90        262.935      0.017800     0     0
  540        10.62        5816.53        262.931      0.017804     0     0
  541        10.62        5827.14        262.928      0.017808     0     0
  542        10.61        5837.75        262.924      0.017812     0     0
  543        10.64        5848.39        262.921      0.017816     0     0
  544        10.63        5859.02        262.917      0.017819     0     0
  545        10.62        5869.64        262.913      0.017823     0     0
  546        10.63        5880.26        262.91      0.017827     0     0
  547        10.72        5890.98        262.906      0.017831     0     0
  548        10.70        5901.68        262.903      0.017835     0     0
  549        10.74        5912.42        262.899      0.017838     0     0
  550        10.70        5923.13        262.895      0.017842     0     0
  551        10.62        5933.75        262.892      0.017846     0     0
  552        10.62        5944.36        262.888      0.017850     0     0
  553        10.64        5955.00        262.884      0.017853     0     0
  554        10.62        5965.62        262.881      0.017857     0     0
  555        10.63        5976.25        262.877      0.017861     0     0
  556        10.62        5986.87        262.873      0.017865     0     0
  557        10.63        5997.50        262.87      0.017868     0     0
  558        10.62        6008.11        262.866      0.017872     0     0
  559        10.62        6018.74        262.862      0.017876     0     0
  560        10.63        6029.37        262.859      0.017879     0     0
  561        10.93        6040.30        262.855      0.017883     0     0
  562        10.61        6050.91        262.851      0.017887     0     0
  563        10.61        6061.52        262.847      0.017890     0     0
  564        10.61        6072.14        262.844      0.017894     0     0
  565        10.63        6082.76        262.84      0.017897     0     0
  566        10.62        6093.39        262.836      0.017901     0     0
  567        10.61        6104.00        262.832      0.017905     0     0
  568        10.62        6114.62        262.828      0.017908     0     0
  569        10.62        6125.24        262.824      0.017912     0     0
  570        10.63        6135.86        262.821      0.017915     0     0
  571        10.62        6146.48        262.817      0.017919     0     0
  572        10.82        6157.30        262.813      0.017922     0     0
  573        10.63        6167.93        262.809      0.017926     0     0
  574        10.62        6178.55        262.805      0.017929     0     0
  575        10.62        6189.17        262.801      0.017933     0     0
  576        10.61        6199.78        262.797      0.017936     0     0
  577        10.62        6210.40        262.793      0.017940     0     0
  578        10.63        6221.03        262.79      0.017943     0     0
  579        10.63        6231.67        262.786      0.017946     0     0
  580        10.62        6242.29        262.782      0.017950     0     0
  581        10.62        6252.91        262.778      0.017953     0     0
  582        10.63        6263.54        262.774      0.017957     0     0
  583        10.67        6274.20        262.77      0.017960     0     0
  584        10.62        6284.83        262.766      0.017963     0     0
  585        10.62        6295.44        262.762      0.017967     0     0
  586        10.63        6306.07        262.758      0.017970     0     0
  587        10.61        6316.69        262.754      0.017973     0     0
  588        10.62        6327.30        262.75      0.017977     0     0
  589        10.63        6337.93        262.746      0.017980     0     0
  590        10.61        6348.55        262.741      0.017983     0     0
  591        10.62        6359.16        262.737      0.017987     0     0
  592        10.62        6369.78        262.733      0.017990     0     0
  593        10.62        6380.39        262.729      0.017993     0     0
  594        10.69        6391.09        262.725      0.017997     0     0
  595        10.79        6401.87        262.721      0.018000     0     0
  596        10.63        6412.51        262.717      0.018003     0     0
  597        10.64        6423.15        262.713      0.018006     0     0
  598        10.63        6433.77        262.709      0.018009     0     0
  599        10.63        6444.40        262.704      0.018013     0     0
  600        10.64        6455.04        262.7      0.018016     0     0
  601        10.64        6465.68        262.696      0.018019     0     0
  602        10.62        6476.30        262.692      0.018022     0     0
  603        10.62        6486.92        262.687      0.018025     0     0
  604        10.63        6497.55        262.683      0.018029     0     0
  605        10.64        6508.19        262.679      0.018032     0     0
  606        10.86        6519.05        262.675      0.018035     0     0
  607        10.63        6529.68        262.67      0.018038     0     0
  608        10.63        6540.30        262.666      0.018041     0     0
  609        10.64        6550.94        262.662      0.018044     0     0
  610        10.63        6561.57        262.658      0.018047     0     0
  611        10.63        6572.20        262.653      0.018050     0     0
  612        10.69        6582.89        262.649      0.018053     0     0
  613        10.68        6593.57        262.645      0.018056     0     0
  614        10.68        6604.25        262.64      0.018059     0     0
  615        10.69        6614.94        262.636      0.018062     0     0
  616        10.68        6625.62        262.631      0.018066     0     0
  617        10.88        6636.50        262.627      0.018069     0     0
  618        10.69        6647.19        262.623      0.018072     0     0
  619        10.70        6657.88        262.618      0.018075     0     0
  620        10.68        6668.56        262.614      0.018078     0     0
  621        10.70        6679.26        262.609      0.018080     0     0
  622        10.69        6689.95        262.605      0.018083     0     0
  623        10.69        6700.64        262.6      0.018086     0     0
  624        10.68        6711.33        262.596      0.018089     0     0
  625        10.68        6722.00        262.591      0.018092     0     0
  626        10.69        6732.69        262.587      0.018095     0     0
  627        10.70        6743.40        262.582      0.018098     0     0
  628        10.84        6754.24        262.578      0.018101     0     0
  629        10.68        6764.92        262.573      0.018104     0     0
  630        10.68        6775.59        262.568      0.018107     0     0
  631        10.69        6786.29        262.564      0.018110     0     0
  632        10.70        6796.98        262.559      0.018113     0     0
  633        10.68        6807.66        262.555      0.018115     0     0
  634        10.74        6818.40        262.55      0.018118     0     0
  635        10.67        6829.07        262.545      0.018121     0     0
  636        10.69        6839.75        262.541      0.018124     0     0
  637        10.69        6850.44        262.536      0.018127     0     0
  638        10.68        6861.13        262.531      0.018130     0     0
  639        10.73        6871.86        262.527      0.018132     0     0
  640        10.72        6882.58        262.522      0.018135     0     0
  641        10.68        6893.26        262.517      0.018138     0     0
  642        10.68        6903.94        262.512      0.018141     0     0
  643        10.65        6914.59        262.508      0.018143     0     0
  644        10.64        6925.23        262.503      0.018146     0     0
  645        10.67        6935.90        262.498      0.018149     0     0
  646        10.65        6946.54        262.493      0.018152     0     0
  647        10.64        6957.19        262.488      0.018154     0     0
  648        10.66        6967.84        262.483      0.018157     0     0
  649        10.65        6978.49        262.479      0.018160     0     0
  650        10.65        6989.14        262.474      0.018162     0     0
  651        11.10        7000.24        262.469      0.018165     0     0
  652        10.65        7010.89        262.464      0.018168     0     0
  653        10.65        7021.54        262.459      0.018170     0     0
  654        10.65        7032.19        262.454      0.018173     0     0
  655        10.65        7042.84        262.449      0.018176     0     0
  656        10.65        7053.49        262.444      0.018178     0     0
  657        10.65        7064.14        262.439      0.018181     0     0
  658        10.65        7074.79        262.434      0.018184     0     0
  659        10.64        7085.43        262.429      0.018186     0     0
  660        10.65        7096.08        262.424      0.018189     0     0
  661        10.65        7106.73        262.419      0.018191     0     0
  662        10.74        7117.47        262.414      0.018194     0     0
  663        10.64        7128.11        262.409      0.018197     0     0
  664        10.65        7138.76        262.404      0.018199     0     0
  665        10.65        7149.41        262.399      0.018202     0     0
  666        10.65        7160.06        262.393      0.018204     0     0
  667        10.65        7170.71        262.388      0.018207     0     0
  668        10.65        7181.36        262.383      0.018209     0     0
  669        10.66        7192.02        262.378      0.018212     0     0
  670        10.64        7202.67        262.373      0.018214     0     0
  671        10.65        7213.32        262.368      0.018217     0     0
  672        11.22        7224.54        262.362      0.018219     0     0
  673        11.33        7235.87        262.357      0.018222     0     0
  674        11.22        7247.09        262.352      0.018224     0     0
  675        11.21        7258.30        262.346      0.018227     0     0
  676        11.21        7269.51        262.341      0.018229     0     0
  677        11.21        7280.72        262.336      0.018232     0     0
  678        11.22        7291.94        262.331      0.018234     0     0
  679        11.22        7303.16        262.325      0.018237     0     0
  680        11.21        7314.37        262.32      0.018239     0     0
  681        11.21        7325.58        262.314      0.018241     0     0
  682        11.21        7336.79        262.309      0.018244     0     0
  683        11.22        7348.01        262.304      0.018246     0     0
  684        11.29        7359.29        262.298      0.018249     0     0
  685        11.21        7370.51        262.293      0.018251     0     0
  686        11.21        7381.72        262.287      0.018253     0     0
  687        11.22        7392.94        262.282      0.018256     0     0
  688        11.22        7404.16        262.276      0.018258     0     0
  689        11.22        7415.38        262.271      0.018260     0     0
  690        11.18        7426.56        262.265      0.018263     0     0
  691        11.17        7437.74        262.259      0.018265     0     0
  692        11.19        7448.93        262.254      0.018267     0     0
  693        11.19        7460.11        262.248      0.018270     0     0
  694        11.23        7471.34        262.243      0.018272     0     0
  695        11.24        7482.58        262.237      0.018274     0     0
  696        11.19        7493.77        262.231      0.018277     0     0
  697        11.19        7504.96        262.226      0.018279     0     0
  698        11.19        7516.15        262.22      0.018281     0     0
  699        11.20        7527.35        262.214      0.018283     0     0
  700        11.21        7538.55        262.208      0.018286     0     0
  701        11.20        7549.75        262.203      0.018288     0     0
  702        11.19        7560.94        262.197      0.018290     0     0
  703        11.18        7572.12        262.191      0.018292     0     0
  704        11.19        7583.31        262.185      0.018295     0     0
  705        11.47        7594.78        262.179      0.018297     0     0
  706        11.19        7605.97        262.173      0.018299     0     0
  707        11.17        7617.14        262.167      0.018301     0     0
  708        11.18        7628.32        262.162      0.018303     0     0
  709        11.18        7639.50        262.156      0.018306     0     0
  710        11.18        7650.68        262.15      0.018308     0     0
  711        11.19        7661.86        262.144      0.018310     0     0
  712        11.17        7673.04        262.138      0.018312     0     0
  713        11.18        7684.22        262.132      0.018314     0     0
  714        11.21        7695.43        262.126      0.018316     0     0
  715        11.21        7706.64        262.12      0.018318     0     0
  716        11.25        7717.88        262.113      0.018321     0     0
  717        11.17        7729.06        262.107      0.018323     0     0
  718        11.17        7740.23        262.101      0.018325     0     0
  719        11.17        7751.40        262.095      0.018327     0     0
  720        11.18        7762.58        262.089      0.018329     0     0
  721        11.19        7773.78        262.083      0.018331     0     0
  722        11.18        7784.95        262.077      0.018333     0     0
  723        11.18        7796.13        262.07      0.018335     0     0
  724        11.17        7807.30        262.064      0.018337     0     0
  725        11.18        7818.49        262.058      0.018339     0     0
  726        11.18        7829.67        262.051      0.018341     0     0
  727        11.45        7841.12        262.045      0.018344     0     0
  728        11.18        7852.30        262.039      0.018346     0     0
  729        11.18        7863.48        262.032      0.018348     0     0
  730        11.17        7874.65        262.026      0.018350     0     0
  731        11.19        7885.84        262.02      0.018352     0     0
  732        11.19        7897.03        262.013      0.018354     0     0
  733        11.18        7908.20        262.007      0.018356     0     0
  734        11.17        7919.37         262      0.018358     0     0
  735        11.19        7930.56        261.994      0.018360     0     0
  736        11.19        7941.75        261.987      0.018362     0     0
  737        11.22        7952.97        261.981      0.018364     0     0
  738        11.22        7964.19        261.974      0.018365     0     0
  739        11.18        7975.38        261.967      0.018367     0     0
  740        11.19        7986.57        261.961      0.018369     0     0
  741        11.19        7997.76        261.954      0.018371     0     0
  742        11.24        8009.00        261.947      0.018373     0     0
  743        11.18        8020.19        261.941      0.018375     0     0
  744        11.19        8031.38        261.934      0.018377     0     0
  745        11.19        8042.56        261.927      0.018379     0     0
  746        11.19        8053.75        261.92      0.018381     0     0
  747        11.18        8064.93        261.914      0.018383     0     0
  748        11.77        8076.70        261.907      0.018385     0     0
  749        11.18        8087.89        261.9      0.018387     0     0
  750        11.19        8099.07        261.893      0.018388     0     0
  751        11.19        8110.26        261.886      0.018390     0     0
  752        11.18        8121.44        261.879      0.018392     0     0
  753        11.19        8132.63        261.872      0.018394     0     0
  754        11.18        8143.81        261.865      0.018396     0     0
  755        11.17        8154.98        261.858      0.018398     0     0
  756        11.18        8166.16        261.851      0.018400     0     0
  757        11.18        8177.33        261.844      0.018401     0     0
  758        11.18        8188.51        261.837      0.018403     0     0
  759        12.03        8200.54        261.83      0.018405     0     0
  760        11.19        8211.73        261.823      0.018407     0     0
  761        11.21        8222.93        261.816      0.018409     0     0
  762        11.20        8234.13        261.809      0.018410     0     0
  763        11.19        8245.32        261.801      0.018412     0     0
  764        11.20        8256.52        261.794      0.018414     0     0
  765        11.20        8267.72        261.787      0.018416     0     0
  766        11.20        8278.92        261.779      0.018418     0     0
  767        11.19        8290.11        261.772      0.018419     0     0
  768        11.19        8301.30        261.765      0.018421     0     0
  769        11.36        8312.66        261.757      0.018423     0     0
  770        11.22        8323.88        261.75      0.018425     0     0
  771        11.18        8335.06        261.742      0.018426     0     0
  772        11.18        8346.24        261.735      0.018428     0     0
  773        11.17        8357.41        261.727      0.018430     0     0
  774        11.17        8368.58        261.72      0.018431     0     0
  775        11.18        8379.75        261.712      0.018433     0     0
  776        11.17        8390.93        261.705      0.018435     0     0
  777        11.19        8402.12        261.697      0.018436     0     0
  778        11.19        8413.31        261.689      0.018438     0     0
  779        11.20        8424.51        261.682      0.018440     0     0
  780        11.55        8436.05        261.674      0.018442     0     0
  781        11.19        8447.24        261.666      0.018443     0     0
  782        11.20        8458.44        261.659      0.018445     0     0
  783        11.22        8469.66        261.651      0.018447     0     0
  784        11.19        8480.84        261.643      0.018448     0     0
  785        11.20        8492.04        261.635      0.018450     0     0
  786        11.19        8503.23        261.627      0.018451     0     0
  787        11.19        8514.42        261.619      0.018453     0     0
  788        11.19        8525.61        261.611      0.018455     0     0
  789        11.22        8536.83        261.603      0.018456     0     0
  790        11.21        8548.04        261.595      0.018458     0     0
  791        11.32        8559.36        261.587      0.018459     0     0
  792        11.20        8570.56        261.579      0.018461     0     0
  793        11.21        8581.76        261.571      0.018463     0     0
  794        11.21        8592.98        261.563      0.018464     0     0
  795        11.20        8604.18        261.555      0.018466     0     0
  796        11.27        8615.45        261.546      0.018467     0     0
  797        11.22        8626.67        261.538      0.018469     0     0
  798        11.21        8637.88        261.53      0.018471     0     0
  799        11.21        8649.09        261.521      0.018472     0     0
  800        11.22        8660.31        261.513      0.018474     0     0
  801        11.24        8671.55        261.505      0.018475     0     0
  802        11.33        8682.88        261.496      0.018477     0     0
  803        11.21        8694.09        261.488      0.018478     0     0
  804        11.21        8705.31        261.479      0.018480     0     0
  805        11.21        8716.52        261.471      0.018481     0     0
  806        11.20        8727.72        261.462      0.018483     0     0
  807        11.20        8738.92        261.453      0.018484     0     0
  808        11.20        8750.13        261.445      0.018486     0     0
  809        11.21        8761.33        261.436      0.018487     0     0
  810        11.21        8772.55        261.427      0.018489     0     0
  811        11.20        8783.75        261.419      0.018490     0     0
  812        11.33        8795.08        261.41      0.018492     0     0
  813        11.21        8806.29        261.401      0.018493     0     0
  814        11.20        8817.49        261.392      0.018495     0     0
  815        11.21        8828.70        261.383      0.018496     0     0
  816        11.21        8839.91        261.374      0.018498     0     0
  817        11.20        8851.12        261.365      0.018499     0     0
  818        11.22        8862.33        261.356      0.018500     0     0
  819        11.21        8873.54        261.347      0.018502     0     0
  820        11.21        8884.75        261.338      0.018503     0     0
  821        11.21        8895.96        261.329      0.018505     0     0
  822        11.20        8907.16        261.32      0.018506     0     0
  823        11.63        8918.79        261.311      0.018507     0     0
  824        11.21        8930.00        261.301      0.018509     0     0
  825        11.20        8941.20        261.292      0.018510     0     0
  826        11.20        8952.39        261.283      0.018512     0     0
  827        11.20        8963.60        261.273      0.018513     0     0
  828        11.21        8974.81        261.264      0.018514     0     0
  829        11.20        8986.01        261.255      0.018516     0     0
  830        11.20        8997.21        261.245      0.018517     0     0
  831        11.20        9008.41        261.235      0.018519     0     0
  832        11.21        9019.62        261.226      0.018520     0     0
  833        11.28        9030.90        261.216      0.018521     0     0
  834        11.43        9042.32        261.207      0.018523     0     0
  835        11.18        9053.50        261.197      0.018524     0     0
  836        11.18        9064.68        261.187      0.018525     0     0
  837        11.20        9075.88        261.177      0.018527     0     0
  838        11.18        9087.06        261.168      0.018528     0     0
  839        11.19        9098.25        261.158      0.018529     0     0
  840        11.18        9109.42        261.148      0.018531     0     0
  841        11.18        9120.61        261.138      0.018532     0     0
  842        11.18        9131.79        261.128      0.018533     0     0
  843        11.17        9142.96        261.118      0.018534     0     0
  844        11.36        9154.32        261.108      0.018536     0     0
  845        11.21        9165.53        261.097      0.018537     0     0
  846        11.19        9176.71        261.087      0.018538     0     0
  847        11.18        9187.89        261.077      0.018540     0     0
  848        11.18        9199.07        261.067      0.018541     0     0
  849        11.17        9210.25        261.056      0.018542     0     0
  850        11.18        9221.43        261.046      0.018543     0     0
  851        11.79        9233.22        261.036      0.018545     0     0
  852        12.43        9245.65        261.025      0.018546     0     0
  853        11.20        9256.86        261.015      0.018547     0     0
  854        11.47        9268.33        261.004      0.018548     0     0
  855        11.49        9279.82        260.993      0.018550     0     0
  856        11.19        9291.02        260.983      0.018551     0     0
  857        11.18        9302.20        260.972      0.018552     0     0
  858        11.20        9313.40        260.961      0.018553     0     0
  859        12.43        9325.83        260.95      0.018554     0     0
  860        11.19        9337.02        260.939      0.018556     0     0
  861        11.20        9348.21        260.929      0.018557     0     0
  862        11.20        9359.41        260.918      0.018558     0     0
  863        12.22        9371.63        260.907      0.018559     0     0
  864        11.20        9382.83        260.895      0.018560     0     0
  865        13.26        9396.09        260.884      0.018562     0     0
  866        11.55        9407.64        260.873      0.018563     0     0
  867        11.18        9418.82        260.862      0.018564     0     0
  868        11.18        9430.00        260.851      0.018565     0     0
  869        11.18        9441.18        260.839      0.018566     0     0
  870        12.42        9453.60        260.828      0.018568     0     0
  871        11.20        9464.79        260.816      0.018569     0     0
  872        11.63        9476.42        260.805      0.018570     0     0
  873        11.18        9487.60        260.793      0.018571     0     0
  874        11.20        9498.80        260.782      0.018572     0     0
  875        12.50        9511.30        260.77      0.018573     0     0
  876        11.27        9522.57        260.758      0.018574     0     0
  877        12.71        9535.29        260.746      0.018576     0     0
  878        11.19        9546.47        260.735      0.018577     0     0
  879        12.41        9558.89        260.723      0.018578     0     0
  880        11.19        9570.07        260.711      0.018579     0     0
  881        11.22        9581.29        260.699      0.018580     0     0
  882        11.19        9592.48        260.687      0.018581     0     0
  883        12.41        9604.89        260.674      0.018582     0     0
  884        11.21        9616.10        260.662      0.018583     0     0
  885        11.20        9627.31        260.65      0.018584     0     0
  886        11.40        9638.71        260.638      0.018585     0     0
  887        13.17        9651.88        260.625      0.018587     0     0
  888        11.20        9663.08        260.613      0.018588     0     0
  889        11.30        9674.38        260.6      0.018589     0     0
  890        11.31        9685.69        260.588      0.018590     0     0
  891        12.50        9698.19        260.575      0.018591     0     0
  892        11.20        9709.39        260.562      0.018592     0     0
  893        11.19        9720.59        260.55      0.018593     0     0
  894        11.19        9731.78        260.537      0.018594     0     0
  895        12.42        9744.19        260.524      0.018595     0     0
  896        12.04        9756.24        260.511      0.018596     0     0
  897        11.33        9767.57        260.498      0.018597     0     0
  898        11.20        9778.77        260.485      0.018598     0     0
  899        12.42        9791.18        260.472      0.018599     0     0
  900        11.19        9802.37        260.458      0.018600     0     0
  901        11.21        9813.58        260.445      0.018601     0     0
  902        12.42        9825.99        260.432      0.018602     0     0
  903        11.19        9837.18        260.418      0.018603     0     0
  904        11.19        9848.37        260.405      0.018604     0     0
  905        11.19        9859.56        260.391      0.018605     0     0
  906        12.64        9872.20        260.378      0.018606     0     0
  907        11.24        9883.44        260.364      0.018607     0     0
  908        11.18        9894.62        260.35      0.018608     0     0
  909        12.41        9907.03        260.336      0.018609     0     0
  910        11.18        9918.21        260.322      0.018610     0     0
  911        11.18        9929.39        260.308      0.018611     0     0
  912        12.40        9941.80        260.294      0.018612     0     0
  913        11.17        9952.97        260.28      0.018613     0     0
  914        11.18        9964.15        260.266      0.018614     0     0
  915        12.40        9976.55        260.251      0.018615     0     0
  916        11.18        9987.73        260.237      0.018616     0     0
  917        11.43        9999.16        260.223      0.018617     0     0
  918        12.41        10011.57        260.208      0.018618     0     0
  919        11.19        10022.77        260.193      0.018619     0     0
  920        11.18        10033.95        260.179      0.018620     0     0
  921        12.41        10046.36        260.164      0.018621     0     0
  922        11.19        10057.55        260.149      0.018622     0     0
  923        11.18        10068.73        260.134      0.018622     0     0
  924        12.41        10081.14        260.119      0.018623     0     0
  925        11.18        10092.32        260.104      0.018624     0     0
  926        11.18        10103.50        260.089      0.018625     0     0
  927        13.11        10116.61        260.074      0.018626     0     0
  928        11.20        10127.81        260.058      0.018627     0     0
  929        11.18        10138.99        260.043      0.018628     0     0
  930        12.41        10151.40        260.027      0.018629     0     0
  931        11.19        10162.58        260.012      0.018630     0     0
  932        11.18        10173.76        259.996      0.018630     0     0
  933        12.41        10186.17        259.98      0.018631     0     0
  934        11.18        10197.35        259.964      0.018632     0     0
  935        11.18        10208.54        259.948      0.018633     0     0
  936        12.40        10220.93        259.932      0.018634     0     0
  937        11.41        10232.34        259.916      0.018635     0     0
  938        13.00        10245.34        259.9      0.018636     0     0
  939        12.05        10257.39        259.883      0.018637     0     0
  940        11.21        10268.60        259.867      0.018637     0     0
  941        11.21        10279.82        259.851      0.018638     0     0
  942        12.44        10292.26        259.834      0.018639     0     0
  943        11.21        10303.47        259.817      0.018640     0     0
  944        11.81        10315.28        259.8      0.018641     0     0
  945        12.43        10327.71        259.784      0.018642     0     0
  946        11.21        10338.91        259.767      0.018642     0     0
  947        12.51        10351.42        259.749      0.018643     0     0
  948        11.31        10362.74        259.732      0.018644     0     0
  949        11.22        10373.96        259.715      0.018645     0     0
  950        12.46        10386.42        259.697      0.018646     0     0
  951        11.21        10397.63        259.68      0.018646     0     0
  952        13.05        10410.68        259.662      0.018647     0     0
  953        12.44        10423.12        259.645      0.018648     0     0
  954        11.21        10434.32        259.627      0.018649     0     0
  955        12.43        10446.75        259.609      0.018650     0     0
  956        11.23        10457.98        259.591      0.018650     0     0
  957        11.23        10469.21        259.573      0.018651     0     0
  958        12.51        10481.73        259.554      0.018652     0     0
  959        11.21        10492.94        259.536      0.018653     0     0
  960        12.44        10505.38        259.517      0.018654     0     0
  961        11.22        10516.60        259.499      0.018654     0     0
  962        11.23        10527.83        259.48      0.018655     0     0
  963        12.45        10540.28        259.461      0.018656     0     0
  964        11.22        10551.49        259.442      0.018656     0     0
  965        12.48        10563.98        259.423      0.018657     0     0
  966        11.24        10575.22        259.404      0.018658     0     0
  967        11.25        10586.46        259.385      0.018659     0     0
  968        12.64        10599.10        259.366      0.018659     0     0
  969        11.25        10610.35        259.346      0.018660     0     0
  970        12.47        10622.82        259.326      0.018661     0     0
  971        11.24        10634.05        259.307      0.018662     0     0
  972        11.23        10645.29        259.287      0.018662     0     0
  973        12.48        10657.76        259.267      0.018663     0     0
  974        11.23        10669.00        259.247      0.018664     0     0
  975        12.46        10681.46        259.226      0.018665     0     0
  976        11.25        10692.71        259.206      0.018665     0     0
  977        11.25        10703.96        259.185      0.018666     0     0
  978        13.50        10717.46        259.165      0.018666     0     0
  979        13.61        10731.07        259.144      0.018667     0     0
  980        12.62        10743.69        259.123      0.018668     0     0
  981        11.25        10754.93        259.102      0.018669     0     0
  982        11.24        10766.18        259.081      0.018669     0     0
  983        12.48        10778.66        259.059      0.018670     0     0
  984        11.25        10789.91        259.038      0.018670     0     0
  985        12.47        10802.38        259.016      0.018671     0     0
  986        11.25        10813.64        258.994      0.018672     0     0
  987        11.24        10824.87        258.972      0.018672     0     0
  988        12.57        10837.44        258.95      0.018673     0     0
  989        11.25        10848.70        258.928      0.018674     0     0
  990        12.47        10861.16        258.906      0.018675     0     0
  991        11.25        10872.41        258.883      0.018675     0     0
  992        12.50        10884.91        258.86      0.018676     0     0
  993        11.27        10896.18        258.838      0.018677     0     0
  994        11.25        10907.43        258.815      0.018677     0     0
  995        11.27        10918.70        258.792      0.018678     0     0
  996        12.48        10931.18        258.768      0.018678     0     0
  997        11.84        10943.02        258.745      0.018679     0     0
  998        12.56        10955.59        258.721      0.018680     0     0
  999        11.25        10966.83        258.698      0.018680     0     0
  1000        12.48        10979.31        258.674      0.018681     0     0
  1001        11.26        10990.57        258.649      0.018681     0     0
  1002        11.24        11001.81        258.625      0.018682     0     0
  1003        12.51        11014.33        258.601      0.018682     0     0
  1004        12.43        11026.76        258.576      0.018684     0     0
  1005        11.23        11037.99        258.551      0.018684     0     0
  1006        11.23        11049.22        258.526      0.018685     0     0
  1007        11.23        11060.44        258.501      0.018685     0     0
  1008        12.47        11072.91        258.476      0.018685     0     0
  1009        11.29        11084.20        258.451      0.018686     0     0
  1010        12.48        11096.68        258.425      0.018687     0     0
  1011        12.46        11109.14        258.399      0.018688     0     0
  1012        11.25        11120.39        258.373      0.018688     0     0
  1013        11.24        11131.63        258.347      0.018689     0     0
  1014        11.25        11142.88        258.32      0.018689     0     0
  1015        12.40        11155.27        258.294      0.018689     0     0
  1016        11.25        11166.52        258.267      0.018690     0     0
  1017        12.51        11179.03        258.24      0.018690     0     0
  1018        14.19        11193.22        258.213      0.018692     0     0
  1019        11.28        11204.50        258.185      0.018692     0     0
  1020        11.24        11215.74        258.158      0.018692     0     0
  1021        12.37        11228.10        258.13      0.018693     0     0
  1022        11.26        11239.36        258.102      0.018693     0     0
  1023        12.49        11251.86        258.074      0.018694     0     0
  1024        12.52        11264.37        258.045      0.018695     0     0
  1025        11.27        11275.64        258.016      0.018695     0     0
  1026        11.26        11286.90        257.988      0.018696     0     0
  1027        11.27        11298.18        257.959      0.018696     0     0
  1028        12.43        11310.61        257.929      0.018696     0     0
  1029        11.43        11322.04        257.9      0.018697     0     0
  1030        12.47        11334.50        257.87      0.018697     0     0
  1031        12.52        11347.03        257.84      0.018698     0     0
  1032        11.26        11358.29        257.81      0.018699     0     0
  1033        11.27        11369.56        257.779      0.018699     0     0
  1034        11.27        11380.83        257.749      0.018699     0     0
  1035        12.42        11393.25        257.718      0.018700     0     0
  1036        12.50        11405.75        257.687      0.018700     0     0
  1037        11.27        11417.02        257.655      0.018701     0     0
  1038        12.53        11429.56        257.623      0.018701     0     0
  1039        11.43        11440.99        257.592      0.018702     0     0
  1040        12.48        11453.47        257.559      0.018702     0     0
  1041        11.67        11465.13        257.527      0.018702     0     0
  1042        12.51        11477.64        257.494      0.018703     0     0
  1043        11.27        11488.92        257.461      0.018703     0     0
  1044        12.47        11501.39        257.428      0.018704     0     0
  1045        11.24        11512.63        257.395      0.018704     0     0
  1046        12.46        11525.09        257.361      0.018705     0     0
  1047        11.25        11536.34        257.327      0.018705     0     0
  1048        12.45        11548.79        257.293      0.018706     0     0
  1049        12.83        11561.62        257.258      0.018706     0     0
  1050        12.98        11574.60        257.223      0.018707     0     0
  1051        11.25        11585.85        257.187      0.018707     0     0
  1052        13.59        11599.44        257.152      0.018708     0     0
  1053        13.61        11613.05        257.116      0.018708     0     0
  1054        15.00        11628.05        257.08      0.018708     0     0
  1055        15.08        11643.13        257.044      0.018709     0     0
  1056        11.25        11654.38        257.007      0.018709     0     0
  1057        12.51        11666.89        256.97      0.018710     0     0
  1058        11.58        11678.47        256.933      0.018710     0     0
  1059        13.45        11691.92        256.895      0.018710     0     0
  1060        11.64        11703.56        256.857      0.018710     0     0
  1061        12.48        11716.04        256.819      0.018711     0     0
  1062        11.24        11727.28        256.78      0.018711     0     0
  1063        12.45        11739.73        256.741      0.018711     0     0
  1064        12.47        11752.20        256.702      0.018712     0     0
  1065        12.91        11765.11        256.662      0.018713     0     0
  1066        11.24        11776.36        256.622      0.018713     0     0
  1067        11.25        11787.60        256.582      0.018713     0     0
  1068        13.91        11801.52        256.541      0.018713     0     0
  1069        15.07        11816.58        256.5      0.018714     0     0
  1070        14.95        11831.53        256.458      0.018714     0     0
  1071        15.07        11846.60        256.416      0.018714     0     0
  1072        15.00        11861.60        256.374      0.018715     0     0
  1073        14.95        11876.55        256.331      0.018715     0     0
  1074        15.59        11892.14        256.288      0.018716     0     0
  1075        11.21        11903.35        256.245      0.018716     0     0
  1076        11.45        11914.80        256.201      0.018716     0     0
  1077        12.33        11927.13        256.157      0.018716     0     0
  1078        12.41        11939.54        256.112      0.018717     0     0
  1079        12.54        11952.08        256.067      0.018717     0     0
  1080        12.92        11965.00        256.021      0.018718     0     0
  1081        11.19        11976.19        255.975      0.018718     0     0
  1082        11.20        11987.39        255.929      0.018718     0     0
  1083        12.36        11999.76        255.882      0.018718     0     0
  1084        12.43        12012.19        255.835      0.018718     0     0
  1085        12.45        12024.63        255.787      0.018719     0     0
  1086        13.11        12037.74        255.738      0.018720     0     0
  1087        11.19        12048.94        255.69      0.018720     0     0
  1088        11.18        12060.12        255.641      0.018720     0     0
  1089        12.32        12072.44        255.591      0.018720     0     0
  1090        12.42        12084.87        255.541      0.018720     0     0
  1091        12.39        12097.25        255.49      0.018720     0     0
  1092        12.83        12110.08        255.438      0.018721     0     0
  1093        12.16        12122.24        255.387      0.018721     0     0
  1094        13.60        12135.84        255.335      0.018721     0     0
  1095        14.88        12150.72        255.281      0.018722     0     0
  1096        11.35        12162.08        255.228      0.018722     0     0
  1097        11.15        12173.23        255.175      0.018722     0     0
  1098        12.90        12186.13        255.12      0.018723     0     0
  1099        11.16        12197.29        255.065      0.018723     0     0
  1100        11.16        12208.45        255.01      0.018723     0     0
  1101        12.89        12221.34        254.953      0.018724     0     0
  1102        11.15        12232.49        254.896      0.018723     0     0
  1103        11.16        12243.64        254.839      0.018723     0     0
  1104        13.62        12257.26        254.781      0.018724     0     0
  1105        11.19        12268.45        254.722      0.018724     0     0
  1106        11.32        12279.77        254.663      0.018724     0     0
  1107        12.89        12292.66        254.603      0.018725     0     0
  1108        11.20        12303.87        254.543      0.018724     0     0
  1109        11.21        12315.07        254.482      0.018724     0     0
  1110        12.27        12327.35        254.419      0.018725     0     0
  1111        11.19        12338.53        254.357      0.018725     0     0
  1112        11.18        12349.72        254.294      0.018725     0     0
  1113        12.28        12362.00        254.229      0.018726     0     0
  1114        11.16        12373.16        254.165      0.018725     0     0
  1115        11.72        12384.88        254.1      0.018725     0     0
  1116        13.45        12398.33        254.033      0.018726     0     0
  1117        10.57        12408.90        253.966      0.018726     0     0
  1118        11.72        12420.62        253.899      0.018726     0     0
  1119        12.39        12433.02        253.829      0.018727     0     0
  1120        10.57        12443.59        253.76      0.018726     0     0
  1121        11.71        12455.30        253.691      0.018726     0     0
  1122        12.38        12467.68        253.619      0.018727     0     0
  1123        10.56        12478.25        253.547      0.018727     0     0
  1124        11.72        12489.96        253.475      0.018726     0     0
  1125        12.35        12502.32        253.401      0.018727     0     0
  1126        10.71        12513.02        253.327      0.018727     0     0
  1127        12.28        12525.30        253.251      0.018727     0     0
  1128        10.56        12535.86        253.175      0.018727     0     0
  1129        12.25        12548.11        253.097      0.018728     0     0
  1130        10.56        12558.68        253.019      0.018727     0     0
  1131        12.26        12570.93        252.94      0.018728     0     0
  1132        10.57        12581.51        252.86      0.018727     0     0
  1133        12.26        12593.76        252.778      0.018728     0     0
  1134        10.58        12604.34        252.696      0.018727     0     0
  1135        12.24        12616.59        252.612      0.018728     0     0
  1136        10.56        12627.15        252.528      0.018727     0     0
  1137        13.73        12640.89        252.442      0.018728     0     0
  1138        10.57        12651.46        252.356      0.018727     0     0
  1139        12.80        12664.26        252.268      0.018728     0     0
  1140        10.58        12674.84        252.18      0.018727     0     0
  1141        12.81        12687.65        252.089      0.018728     0     0
  1142        11.13        12698.78        251.998      0.018727     0     0
  1143        12.79        12711.57        251.905      0.018728     0     0
  1144        11.13        12722.71        251.812      0.018727     0     0
  1145        12.82        12735.53        251.716      0.018728     0     0
  1146        11.13        12746.66        251.62      0.018727     0     0
  1147        12.89        12759.55        251.522      0.018728     0     0
  1148        11.12        12770.67        251.423      0.018727     0     0
  1149        12.82        12783.49        251.322      0.018728     0     0
  1150        11.15        12794.64        251.22      0.018727     0     0
  1151        12.84        12807.48        251.116      0.018727     0     0
  1152        11.15        12818.63        251.012      0.018727     0     0
  1153        12.82        12831.45        250.905      0.018727     0     0
  1154        11.16        12842.61        250.797      0.018726     0     0
  1155        12.83        12855.44        250.687      0.018727     0     0
  1156        11.16        12866.60        250.577      0.018726     0     0
  1157        12.99        12879.59        250.463      0.018727     0     0
  1158        11.13        12890.72        250.349      0.018726     0     0
  1159        12.82        12903.55        250.232      0.018726     0     0
  1160        11.13        12914.68        250.114      0.018725     0     0
  1161        12.83        12927.50        249.993      0.018726     0     0
  1162        11.16        12938.67        249.873      0.018725     0     0
  1163        12.83        12951.50        249.748      0.018726     0     0
  1164        11.15        12962.65        249.623      0.018724     0     0
  1165        12.83        12975.48        249.494      0.018725     0     0
  1166        11.12        12986.61        249.366      0.018724     0     0
  1167        12.94        12999.55        249.233      0.018725     0     0
  1168        11.14        13010.70        249.1      0.018723     0     0
  1169        12.86        13023.55        248.962      0.018724     0     0
  1170        11.66        13035.21        248.825      0.018723     0     0
  1171        12.89        13048.10        248.683      0.018723     0     0
  1172        12.27        13060.37        248.541      0.018722     0     0
  1173        12.90        13073.27        248.394      0.018723     0     0
  1174        12.26        13085.53        248.247      0.018722     0     0
  1175        12.90        13098.42        248.095      0.018722     0     0
  1176        12.83        13111.26        247.942      0.018722     0     0
  1177        12.88        13124.14        247.786      0.018721     0     0
  1178        12.77        13136.91        247.627      0.018721     0     0
  1179        12.77        13149.68        247.466      0.018720     0     0
  1180        12.77        13162.45        247.301      0.018720     0     0
  1181        12.76        13175.22        247.134      0.018720     0     0
  1182        12.74        13187.96        246.963      0.018719     0     0
  1183        12.75        13200.71        246.789      0.018719     0     0
  1184        12.75        13213.46        246.612      0.018718     0     0
  1185        12.74        13226.20        246.432      0.018718     0     0
  1186        14.31        13240.51        246.248      0.018717     0     0
  1187        13.02        13253.54        246.061      0.018716     0     0
  1188        12.77        13266.31        245.87      0.018716     0     0
  1189        12.78        13279.09        245.675      0.018715     0     0
  1190        12.74        13291.83        245.476      0.018714     0     0
  1191        12.77        13304.60        245.274      0.018714     0     0
  1192        12.74        13317.33        245.067      0.018713     0     0
  1193        12.73        13330.06        244.856      0.018712     0     0
  1194        12.73        13342.79        244.641      0.018712     0     0
  1195        12.98        13355.77        244.421      0.018711     0     0
  1196        12.73        13368.51        244.196      0.018710     0     0
  1197        12.75        13381.26        243.967      0.018709     0     0
  1198        12.77        13394.03        243.733      0.018708     0     0
  1199        12.76        13406.79        243.494      0.018707     0     0
  1200        12.76        13419.54        243.249      0.018706     0     0
  1201        12.75        13432.29        242.999      0.018705     0     0
  1202        12.78        13445.07        242.744      0.018704     0     0
  1203        12.78        13457.85        242.482      0.018703     0     0
  1204        12.82        13470.67        242.215      0.018702     0     0
  1205        12.88        13483.55        241.941      0.018701     0     0
  1206        12.79        13496.34        241.661      0.018700     0     0
  1207        12.78        13509.13        241.374      0.018699     0     0
  1208        12.76        13521.88        241.08      0.018697     0     0
  1209        12.77        13534.65        240.779      0.018696     0     0
  1210        12.77        13547.42        240.471      0.018695     0     0
  1211        12.78        13560.20        240.155      0.018693     0     0
  1212        12.79        13572.99        239.831      0.018692     0     0
  1213        12.80        13585.79        239.499      0.018690     0     0
  1214        13.13        13598.92        239.158      0.018688     0     0
  1215        12.82        13611.74        238.808      0.018687     0     0
  1216        15.53        13627.27        238.448      0.018685     0     0
  1217        15.66        13642.93        238.079      0.018683     0     0
  1218        15.61        13658.54        237.7      0.018681     0     0
  1219        14.84        13673.38        237.31      0.018679     0     0
  1220        12.76        13686.14        236.91      0.018677     0     0
  1221        12.81        13698.95        236.498      0.018675     0     0
  1222        12.83        13711.78        236.074      0.018673     0     0
  1223        12.86        13724.64        235.637      0.018670     0     0
  1224        12.81        13737.45        235.187      0.018668     0     0
  1225        12.82        13750.27        234.724      0.018665     0     0
  1226        12.82        13763.09        234.247      0.018662     0     0
  1227        12.82        13775.91        233.755      0.018660     0     0
  1228        12.80        13788.71        233.247      0.018657     0     0
  1229        12.82        13801.53        232.723      0.018653     0     0
  1230        12.80        13814.34        232.181      0.018650     0     0
  1231        12.79        13827.13        231.622      0.018647     0     0
  1232        13.04        13840.17        231.043      0.018643     0     0
  1233        12.78        13852.96        230.445      0.018639     0     0
  1234        12.79        13865.75        229.826      0.018635     0     0
  1235        12.79        13878.54        229.185      0.018631     0     0
  1236        12.79        13891.33        228.521      0.018626     0     0
  1237        12.79        13904.12        227.832      0.018622     0     0
  1238        12.77        13916.89        227.117      0.018617     0     0
  1239        12.75        13929.64        226.375      0.018611     0     0
  1240        12.76        13942.40        225.604      0.018606     0     0
  1241        13.17        13955.56        224.803      0.018600     0     0
  1242        12.78        13968.34        223.969      0.018593     0     0
  1243        12.75        13981.09        223.1      0.018587     0     0
  1244        12.75        13993.84        222.195      0.018579     0     0
  1245        12.72        14006.56        221.251      0.018572     0     0
  1246        12.72        14019.27        220.266      0.018564     0     0
  1247        12.72        14032.00        219.236      0.018555     0     0
  1248        12.72        14044.72        218.159      0.018546     0     0
  1249        13.74        14058.45        217.031      0.018536     0     0
  1250        12.91        14071.37        215.849      0.018525     0     0
  1251        13.81        14085.17        214.609      0.018514     0     0
  1252        14.88        14100.05        213.306      0.018501     0     0
  1253        14.85        14114.90        211.936      0.018488     0     0
  1254        14.88        14129.78        210.494      0.018474     0     0
  1255        14.89        14144.67        208.973      0.018458     0     0
  1256        15.99        14160.66        207.368      0.018441     0     0
  1257        15.42        14176.08        205.671      0.018422     0     0
  1258        16.05        14192.13        203.874      0.018402     0     0
  1259        16.05        14208.19        201.968      0.018380     0     0
  1260        16.06        14224.25        199.944      0.018356     0     0
  1261        16.06        14240.31        197.791      0.018329     0     0
  1262        16.13        14256.44        195.495      0.018299     0     0
  1263        16.13        14272.57        193.044      0.018266     0     0
  1264        16.13        14288.70        190.42      0.018229     0     0
  1265        16.19        14304.88        187.608      0.018188     0     0
  1266        19.59        14324.48        184.583      0.018144     0     0
  1267        21.21        14345.69        181.327      0.018092     0     0
  1268        18.85        14364.54        177.812      0.018030     0     0
  1269        18.47        14383.01        174.007      0.017962     0     0
  1270        18.59        14401.60        169.879      0.017884     0     0
  1271        18.57        14420.17        165.389      0.017794     0     0
  1272        18.81        14438.98        160.493      0.017689     0     0
  1273        18.58        14457.55        155.143      0.017566     0     0
  1274        18.60        14476.15        149.284      0.017420     0     0
  1275        18.60        14494.75        142.851      0.017245     0     0
  1276        19.87        14514.62        135.788      0.017034     0     0
  1277        22.25        14536.88        128.025      0.016778     0     0
  1278        23.79        14560.66        119.516      0.016461     0     0
  1279        29.45        14590.11        110.222      0.016071     0     0
  1280        30.78        14620.89        100.144      0.015586     0     0
  1281        30.52        14651.41        89.4015      0.014958     0     0
  1282        32.06        14683.47        78.1261      0.014178     0     0
  1283        42.24        14725.71        66.6131      0.013206     0     0
  1284        49.77        14775.48        55.3084      0.012012     0     0
  1285        70.90        14846.38        44.697      0.010580     0     0
  1286        116.47        14962.85        35.1609      0.008914     0     0
  1287        246.36        15209.21        26.8829      0.007033     0     0
  1288        265.33        15474.55        20.7189      0.005144     0     0
  1289        270.88        15745.42        17.6176      0.004035     0     0
  1290        276.48        16021.91        15.9664      0.003561     0     0
  1291        286.24        16308.14        14.6559      0.003133     0     0
  1292        424.20        16732.34        13.3744      0.002239     0     0
  1293        434.18        17166.52        11.8978      0.001766     0     0
  1294        443.37        17609.88        11.5741      0.001628     0     0
  1295        440.93        18050.82        11.3868      0.001478     0     0
  1296        447.98        18498.80        11.2251      0.001683     0     0
  1297        445.73        18944.53        11.1889      0.001972     0     0
    0        148.60        19093.13        11.1127      0.002090     0   675
    1        149.51        19242.64        11.0765      0.002158     0   514
    2        148.83        19391.47        11.0755      0.002119     0   496
    3        147.82        19539.29        11.0426      0.002135     0   484
    4        146.98        19686.28        11.0779      0.001962     0   546
    5        148.98        19835.25        11.0488      0.002059     0   544
  1298        1.49        19836.74        11.0488      0.001802     0     0
