# Kona Param. Contn. convergence history (opt tol = 2.528270e-06 | feas tol = 6.443213e-06)
# outer     inner      cost      objective     lagrangian       opt 2norm     S*Lam 2norm      feas 2norm       homotopy        hom opt       hom feas     mu               opt infty     S*Lam infty      feas infty     
      0         0         1      1.687e+01      1.687e+01     2.5283e+01     0.0000e+00     6.4432e+01     0.0000e+00     0.0000e+00     0.0000e+00     1.0000          1.1084e+01     0.0000e+00     9.5000e+00     

      1         0        10      1.641e+01      1.941e+01     2.5169e+01     4.6540e-01     6.4439e+01      1.311e-02     3.4658e-04     4.1709e-05     9.992777e-01          1.1018e+01     6.8620e-02     9.5080e+00     
      1         1        17      1.641e+01      1.942e+01     2.5169e+01     4.6578e-01     6.4439e+01      1.311e-02     1.1179e-07     1.5820e-09     9.992777e-01          1.1018e+01     6.8726e-02     9.5079e+00     

      2         0        24      1.360e+01      3.536e+01     2.4468e+01     3.3740e+00     6.4479e+01      1.368e-01     1.3526e-02     1.5893e-03     9.947714e-01          1.0610e+01     4.9814e-01     9.5567e+00     
      2         1        31      1.366e+01      3.551e+01     2.4481e+01     3.3873e+00     6.4462e+01      1.369e-01     1.7622e-05     1.0313e-07     9.947714e-01          1.0621e+01     5.0199e-01     9.5532e+00     

      3         0        38      1.107e+01      5.161e+01     2.3823e+01     6.2836e+00     6.4470e+01      3.323e-01     1.3390e-02     1.4218e-03     9.903205e-01          1.0241e+01     9.3331e-01     9.5942e+00     
      3         1        45      1.113e+01      5.173e+01     2.3834e+01     6.2940e+00     6.4453e+01      3.330e-01     2.8865e-05     1.2297e-07     9.903205e-01          1.0250e+01     9.3657e-01     9.5910e+00     

      4         0        52      8.717e+00      6.804e+01     2.3211e+01     9.1912e+00     6.4427e+01      6.040e-01     1.3388e-02     1.2862e-03     9.858927e-01          9.8920e+00     1.3714e+00     9.6250e+00     
      4         1        59      8.770e+00      6.814e+01     2.3221e+01     9.1988e+00     6.4411e+01      6.054e-01     3.4084e-05     7.3353e-08     9.858927e-01          9.8993e+00     1.3741e+00     9.6220e+00     

      5         0        66      6.486e+00      8.486e+01     2.2620e+01     1.2140e+01     6.4352e+01      9.637e-01     1.3822e-02     1.1988e-03     9.814100e-01          9.5557e+00     1.8186e+00     9.6497e+00     
      5         1        73      6.537e+00      8.494e+01     2.2630e+01     1.2145e+01     6.4335e+01      9.664e-01     3.4602e-05     7.7504e-09     9.814100e-01          9.5625e+00     1.8210e+00     9.6466e+00     

      6         0        80      4.338e+00      1.023e+02     2.2041e+01     1.5171e+01     6.4239e+01      1.431e+00     1.4698e-02     1.1482e-03     9.767988e-01          9.2265e+00     2.2813e+00     9.6683e+00     
      6         1        87      4.389e+00      1.024e+02     2.2052e+01     1.5173e+01     6.4221e+01      1.436e+00     3.4557e-05     6.4133e-08     9.767988e-01          9.2336e+00     2.2832e+00     9.6651e+00     

      7         0        94      2.243e+00      1.206e+02     2.1468e+01     1.8323e+01     6.4084e+01      2.036e+00     1.6058e-02     1.1155e-03     9.719833e-01          8.9005e+00     2.7656e+00     9.6805e+00     
      7         1       101      2.295e+00      1.206e+02     2.1479e+01     1.8322e+01     6.4065e+01      2.043e+00     3.5927e-05     1.1178e-07     9.719833e-01          8.9076e+00     2.7671e+00     9.6770e+00     

      8         0       108      1.749e-01      1.399e+02     2.0894e+01     2.1641e+01     6.3878e+01      2.823e+00     1.8020e-02     1.0999e-03     9.668780e-01          8.5719e+00     3.2784e+00     9.6856e+00     
      8         1       115      2.305e-01      1.399e+02     2.0905e+01     2.1636e+01     6.3856e+01      2.834e+00     4.4510e-05     1.8036e-07     9.668780e-01          8.5802e+00     3.2793e+00     9.6816e+00     

      9         0       122     -1.889e+00      1.606e+02     2.0311e+01     2.5171e+01     6.3608e+01      3.859e+00     2.0763e-02     1.1051e-03     9.613815e-01          8.2403e+00     3.8273e+00     9.6818e+00     
      9         1       129     -1.829e+00      1.606e+02     2.0324e+01     2.5161e+01     6.3584e+01      3.877e+00     6.0515e-05     2.9726e-07     9.613815e-01          8.2469e+00     3.8277e+00     9.6775e+00     

     10         0       136     -3.972e+00      1.829e+02     1.9715e+01     2.8968e+01     6.3259e+01      5.246e+00     2.4614e-02     1.1553e-03     9.553672e-01          7.8892e+00     4.4220e+00     9.6686e+00     
     10         1       143     -3.903e+00      1.829e+02     1.9729e+01     2.8950e+01     6.3230e+01      5.274e+00     1.5718e-04     7.9547e-07     9.553672e-01          7.9044e+00     4.4209e+00     9.6626e+00     

     11         0       150     -6.100e+00      2.073e+02     1.9098e+01     3.3095e+01     6.2804e+01      7.144e+00     3.0180e-02     1.3168e-03     9.486700e-01          7.5443e+00     5.0712e+00     9.6389e+00     
     11         1       159     -6.013e+00      2.072e+02     1.9115e+01     3.3066e+01     6.2769e+01      7.188e+00     2.3647e-05     4.3598e-08     9.486700e-01          7.5456e+00     5.0697e+00     9.6340e+00     

     12         0       166     -8.278e+00      2.339e+02     1.8454e+01     3.7604e+01     6.2211e+01      9.800e+00     3.7793e-02     1.6233e-03     9.411025e-01          7.1344e+00     5.7883e+00     9.5971e+00     
     12         1       175     -8.163e+00      2.337e+02     1.8479e+01     3.7557e+01     6.2168e+01      9.871e+00     4.4477e-05     1.5606e-07     9.411025e-01          7.1685e+00     5.7826e+00     9.5868e+00     

     13         0       182     -1.049e+01      2.631e+02     1.7791e+01     4.2546e+01     6.1431e+01      1.361e+01     4.7456e-02     2.3890e-03     9.324109e-01          6.7625e+00     6.5760e+00     9.5226e+00     
     13         1       191     -1.036e+01      2.627e+02     1.7817e+01     4.2470e+01     6.1378e+01      1.372e+01     5.6491e-05     2.5151e-07     9.324109e-01          6.7686e+00     6.5685e+00     9.5145e+00     

     14         0       198     -1.275e+01      2.952e+02     1.7094e+01     4.8000e+01     6.0389e+01      1.928e+01     6.1768e-02     4.3024e-03     9.221673e-01          6.2991e+00     7.4573e+00     9.4209e+00     
     14         1       207     -1.261e+01      2.945e+02     1.7124e+01     4.7878e+01     6.0325e+01      1.946e+01     5.8797e-05     3.8265e-08     9.221673e-01          6.3373e+00     7.4409e+00     9.4069e+00     

     15         0       214     -1.509e+01      3.304e+02     1.6358e+01     5.4021e+01     5.8972e+01      2.806e+01     8.3123e-02     8.2091e-03     9.097412e-01          5.8574e+00     8.4336e+00     9.2604e+00     
     15         1       223     -1.491e+01      3.292e+02     1.6392e+01     5.3821e+01     5.8893e+01      2.836e+01     9.2317e-05     2.5967e-07     9.097412e-01          5.8661e+00     8.4094e+00     9.2476e+00     

     16         0       232     -1.739e+01      3.678e+02     1.5597e+01     6.0532e+01     5.7021e+01      4.211e+01     1.1109e-01     1.6462e-02     8.943129e-01          5.3156e+00     9.5056e+00     9.0321e+00     
     16         1       241     -1.720e+01      3.657e+02     1.5622e+01     6.0196e+01     5.6923e+01      4.257e+01     1.3969e-04     1.4992e-06     8.943129e-01          5.3479e+00     9.4614e+00     9.0140e+00     

     17         0       248     -1.967e+01      4.053e+02     1.4757e+01     6.7307e+01     5.4260e+01      6.557e+01     1.5321e-01     3.2656e-02     8.743565e-01          4.7254e+00     1.0637e+01     8.6897e+00     
     17         1       257     -1.937e+01      4.021e+02     1.4803e+01     6.6771e+01     5.4154e+01      6.626e+01     6.5673e-04     1.3292e-05     8.743565e-01          4.7720e+00     1.0564e+01     8.6676e+00     

     18         0       266     -2.150e+01      4.379e+02     1.3908e+01     7.3677e+01     5.0318e+01      1.060e+02     1.9711e-01     7.0419e-02     8.475528e-01          4.0630e+00     1.1722e+01     8.1765e+00     
     18         1       275     -2.117e+01      4.326e+02     1.3911e+01     7.2813e+01     5.0228e+01      1.067e+02     5.9215e-04     2.1338e-05     8.475528e-01          4.1289e+00     1.1606e+01     8.1551e+00     

     19         0       284     -2.252e+01      4.536e+02     1.2904e+01     7.8047e+01     4.4629e+01      1.764e+02     2.1780e-01     1.5607e-01     8.097557e-01          3.3857e+00     1.2505e+01     7.4105e+00     
     19         1       293     -2.209e+01      4.465e+02     1.2875e+01     7.6805e+01     4.4658e+01      1.759e+02     2.2616e-03     2.0542e-04     8.097557e-01          3.4170e+00     1.2346e+01     7.4017e+00     

     20         0       302     -2.151e+01      4.326e+02     1.1630e+01     7.7436e+01     3.6681e+01      2.922e+02     1.4643e-01     3.4912e-01     7.545138e-01          3.2993e+00     1.2477e+01     6.3043e+00     
     20         1       313     -2.122e+01      4.261e+02     1.1521e+01     7.6097e+01     3.7078e+01      2.864e+02     5.0824e-03     2.8643e-04     7.545138e-01          3.1939e+00     1.2347e+01     6.3439e+00     

     21         0       322     -1.715e+01      3.553e+02     9.7404e+00     6.8472e+01     2.6676e+01      4.475e+02     5.9510e-01     7.1710e-01     6.732899e-01          2.8220e+00     1.1032e+01     4.8639e+00     
     21         1       335     -1.770e+01      3.569e+02     9.5930e+00     6.8002e+01     2.7783e+01      4.300e+02     2.4272e-02     1.8207e-04     6.732899e-01          2.7593e+00     1.1143e+01     5.0044e+00     

     22         0       346     -1.156e+01      2.522e+02     7.2799e+00     5.4053e+01     1.7919e+01      5.582e+02     1.1702e+00     8.8880e-01     5.745644e-01          2.1278e+00     8.6681e+00     3.5481e+00     
     22         1       359     -1.307e+01      2.629e+02     7.3311e+00     5.4903e+01     1.9306e+01      5.377e+02     3.5966e-02     2.6226e-04     5.745644e-01          2.1129e+00     9.0657e+00     3.7324e+00     

     23         0       370     -7.650e+00      1.574e+02     4.7368e+00     3.9027e+01     1.1131e+01      5.802e+02     1.4052e+00     9.2126e-01     4.608784e-01          1.3452e+00     6.1582e+00     2.4628e+00     
     23         1       385     -9.994e+00      1.702e+02     4.9996e+00     4.0345e+01     1.2411e+01      5.657e+02     3.3853e-02     2.8247e-04     4.608784e-01          1.4167e+00     6.6910e+00     2.6382e+00     

     24         0       396     -8.870e+00      1.080e+02     3.3341e+00     2.9902e+01     8.0525e+00      5.320e+02     6.6446e-01     4.1817e-01     3.732041e-01          9.4674e-01     4.7795e+00     1.9128e+00     
     24         1       411     -9.997e+00      1.134e+02     3.4827e+00     3.0477e+01     8.5723e+00      5.280e+02     8.5942e-03     1.6816e-04     3.732041e-01          9.6727e-01     5.0526e+00     1.9856e+00     

     25         0       424     -1.080e+01      7.994e+01     2.5785e+00     2.4376e+01     6.3561e+00      4.801e+02     2.4449e-01     1.5699e-01     3.145821e-01          7.1069e-01     3.9498e+00     1.5923e+00     
     25         1       441     -1.122e+01      8.173e+01     2.6149e+00     2.4545e+01     6.5314e+00      4.792e+02     2.4805e-03     5.1340e-05     3.145821e-01          7.1539e-01     4.0608e+00     1.6165e+00     

     26         0       456     -1.251e+01      5.981e+01     2.0067e+00     2.0307e+01     5.1269e+00      4.313e+02     1.3371e-01     8.2304e-02     2.700261e-01          5.5134e-01     3.2994e+00     1.3533e+00     
     26         1       473     -1.274e+01      6.063e+01     2.0348e+00     2.0373e+01     5.2096e+00      4.311e+02     1.3556e-03     4.4074e-05     2.700261e-01          5.5056e-01     3.3621e+00     1.3645e+00     

     27         0       488     -1.424e+01      4.394e+01     1.5736e+00     1.6988e+01     4.1634e+00      3.832e+02     9.8936e-02     5.6897e-02     2.319069e-01          4.2720e-01     2.7537e+00     1.1582e+00     
     27         1       505     -1.440e+01      4.445e+01     1.5921e+00     1.7019e+01     4.2153e+00      3.832e+02     9.6858e-04     4.0177e-05     2.319069e-01          4.2569e-01     2.8003e+00     1.1651e+00     

     28         0       520     -1.605e+01      3.073e+01     1.2183e+00     1.4113e+01     3.3703e+00      3.345e+02     8.6988e-02     4.5473e-02     1.972072e-01          3.2692e-01     2.2759e+00     9.8939e-01     
     28         1       537     -1.617e+01      3.110e+01     1.2320e+00     1.4127e+01     3.4074e+00      3.346e+02     8.6632e-04     3.3773e-05     1.972072e-01          3.2495e-01     2.3160e+00     9.9405e-01     

     29         0       552     -1.788e+01      1.943e+01     9.2052e-01     1.1546e+01     2.6987e+00      2.848e+02     8.4150e-02     3.9042e-02     1.647406e-01          2.4284e-01     1.8485e+00     8.3801e-01     
     29         1       571     -1.797e+01      1.972e+01     9.3182e-01     1.1548e+01     2.7266e+00      2.850e+02     5.1066e-04     1.5620e-05     1.647406e-01          2.4184e-01     1.8853e+00     8.4102e-01     

     30         0       588     -1.963e+01      9.780e+00     6.7143e-01     9.2463e+00     2.1268e+00      2.350e+02     8.1226e-02     3.4247e-02     1.343558e-01          1.6832e-01     1.4721e+00     7.0021e-01     
     30         1       607     -1.973e+01      9.993e+00     6.8396e-01     9.2386e+00     2.1479e+00      2.351e+02     5.8692e-04     1.5397e-05     1.343558e-01          1.7377e-01     1.5007e+00     7.0174e-01     

     31         0       624     -2.130e+01      1.386e+00     4.6737e-01     7.1543e+00     1.6304e+00      1.848e+02     8.4853e-02     3.1304e-02     1.055929e-01          1.1263e-01     1.1330e+00     5.7089e-01     
     31         1       643     -2.138e+01      1.550e+00     4.7927e-01     7.1376e+00     1.6455e+00      1.850e+02     6.8595e-04     1.4179e-05     1.055929e-01          1.1817e-01     1.1526e+00     5.7078e-01     

     32         0       660     -2.274e+01     -5.813e+00     3.0500e-01     5.2718e+00     1.2001e+00      1.355e+02     8.8599e-02     2.8513e-02     7.876143e-02          6.9133e-02     8.2969e-01     4.4794e-01     
     32         1       681     -2.281e+01     -5.700e+00     3.1527e-01     5.2462e+00     1.2094e+00      1.357e+02     6.2628e-04     4.4214e-06     7.876143e-02          7.4281e-02     8.4141e-01     4.4607e-01     

     33         0       700     -2.383e+01     -1.194e+01     1.8055e-01     3.5934e+00     8.2397e-01      8.802e+01     9.2963e-02     2.6094e-02     5.406578e-02          4.2290e-02     5.6117e-01     3.2880e-01     
     33         1       721     -2.388e+01     -1.189e+01     1.8897e-01     3.5584e+00     8.2796e-01      8.813e+01     1.1141e-03     2.5856e-06     5.406578e-02          4.1548e-02     5.6615e-01     3.2484e-01     

     34         0       742     -2.446e+01     -1.703e+01     9.1414e-02     2.1463e+00     4.9899e-01      4.415e+01     9.7370e-02     2.2961e-02     3.219877e-02          2.1915e-02     3.3585e-01     2.1304e-01     
     34         1       769     -2.449e+01     -1.704e+01     9.7873e-02     2.1012e+00     4.9779e-01      4.422e+01     1.2800e-03     2.1038e-07     3.219877e-02          2.1768e-02     3.3121e-01     2.0724e-01     

     35         0       794     -2.455e+01     -2.086e+01     3.6424e-02     1.0235e+00     2.3973e-01      8.275e+00     9.1671e-02     1.6703e-02     1.496697e-02          9.6310e-03     1.6826e-01     1.0904e-01     
     35         1       829     -2.457e+01     -2.092e+01     4.0506e-02     9.7331e-01     2.3551e-01      8.275e+00     2.1911e-03     1.0290e-07     1.496697e-02          8.9446e-03     1.5177e-01     1.0308e-01     

     36         0       862     -2.440e+01     -2.274e+01     1.6239e-02     4.4671e-01     1.0491e-01     -9.934e+00     4.3560e-02     4.9639e-03     6.474691e-03          4.6369e-03     7.5415e-02     4.8383e-02     
     36         1       905     -2.442e+01     -2.278e+01     1.6758e-02     4.2103e-01     1.0319e-01     -9.955e+00     1.2545e-03     1.5241e-06     6.474691e-03          3.7329e-03     6.5123e-02     4.6340e-02     

     37         0       950     -2.429e+01     -2.348e+01     6.7854e-03     2.1396e-01     5.1119e-02     -1.716e+01     1.4163e-02     9.1943e-04     3.167486e-03          2.3168e-03     3.5355e-02     2.3410e-02     
     37         1       995     -2.430e+01     -2.349e+01     8.2124e-03     2.0598e-01     5.0775e-02     -1.717e+01     7.3948e-04     2.6793e-06     3.167486e-03          1.8605e-03     3.1760e-02     2.3037e-02     

     38         0      1040     -2.423e+01     -2.379e+01     1.2366e-02     1.1496e-01     2.7876e-02     -2.039e+01     1.4935e-02     6.2824e-04     1.696758e-03          5.7926e-03     1.8598e-02     1.2748e-02     
     38         1      1085     -2.423e+01     -2.380e+01     4.7673e-03     1.1052e-01     2.7292e-02     -2.039e+01     1.3020e-03     1.9967e-05     1.696758e-03          1.2392e-03     1.6999e-02     1.2440e-02     

     39         0      1130     -2.419e+01     -2.397e+01     2.0715e-02     5.7455e-02     1.3918e-02     -2.246e+01     2.2801e-02     1.8522e-03     7.494039e-04          9.0983e-03     9.5282e-03     6.3813e-03     
     39         1      1175     -2.418e+01     -2.399e+01     4.8433e-03     4.7616e-02     1.1797e-02     -2.249e+01     4.1717e-03     2.7108e-04     7.494039e-04          2.5831e-03     7.3413e-03     5.3904e-03     

     40         0      1265     -2.415e+01     -2.409e+01     5.4344e-03     1.7900e-02     4.2726e-03     -2.358e+01     5.9798e-03     2.5399e-04     2.494039e-04          2.7555e-03     3.3581e-03     1.9614e-03     
     40         1      1310     -2.415e+01     -2.409e+01     3.9457e-03     1.6325e-02     4.0301e-03     -2.359e+01     3.9460e-03     1.0508e-05     2.494039e-04          1.7838e-03     2.5481e-03     1.8457e-03     

     41         0      1400     -2.415e+01     -2.410e+01     7.6413e-03     1.1232e-02     2.7738e-03     -2.410e+01     1.3585e-02     2.7738e-03     0.000000e+00          3.0597e-03     1.7527e-03     1.2710e-03     
     41         1      1445     -2.415e+01     -2.411e+01     4.1459e-03     1.0838e-02     2.6764e-03     -2.411e+01     1.1604e-02     2.6764e-03     0.000000e+00          3.1594e-03     1.6917e-03     1.2263e-03     
     41         2      1490     -2.415e+01     -2.412e+01     6.9744e-03     7.6009e-03     1.8735e-03     -2.412e+01     1.0316e-02     1.8735e-03     0.000000e+00          4.0452e-03     1.2192e-03     8.5843e-04     
     41         3      1535     -2.415e+01     -2.411e+01     5.5241e-03     8.1403e-03     2.0063e-03     -2.411e+01     9.8377e-03     2.0063e-03     0.000000e+00          3.1474e-03     1.3072e-03     9.1930e-04     
     41         4      1580     -2.415e+01     -2.411e+01     5.4372e-03     8.1644e-03     2.0123e-03     -2.411e+01     9.8092e-03     2.0123e-03     0.000000e+00          3.0321e-03     1.3111e-03     9.2202e-04     
     41         5      1625     -2.414e+01     -2.412e+01     6.3061e-03     6.1266e-03     1.5079e-03     -2.412e+01     8.7922e-03     1.5079e-03     0.000000e+00          3.5683e-03     1.0026e-03     6.9094e-04     
