TITLE = "Solution"
VARIABLES = x, y, u, v, psiu, psiv, t, stress
ZONE T="structure" N=561 E=512 F=FEBLOCK ET=QUADRILATERAL VARLOCATION=([7,8]=cellcentered)
0.000000e+00
6.250000e+00
1.250000e+01
1.875000e+01
2.500000e+01
3.125000e+01
3.750000e+01
4.375000e+01
5.000000e+01
5.625000e+01
6.250000e+01
6.875000e+01
7.500000e+01
8.125000e+01
8.750000e+01
9.375000e+01
1.000000e+02
1.062500e+02
1.125000e+02
1.187500e+02
1.250000e+02
1.312500e+02
1.375000e+02
1.437500e+02
1.500000e+02
1.562500e+02
1.625000e+02
1.687500e+02
1.750000e+02
1.812500e+02
1.875000e+02
1.937500e+02
2.000000e+02
0.000000e+00
6.250000e+00
1.250000e+01
1.875000e+01
2.500000e+01
3.125000e+01
3.750000e+01
4.375000e+01
5.000000e+01
5.625000e+01
6.250000e+01
6.875000e+01
7.500000e+01
8.125000e+01
8.750000e+01
9.375000e+01
1.000000e+02
1.062500e+02
1.125000e+02
1.187500e+02
1.250000e+02
1.312500e+02
1.375000e+02
1.437500e+02
1.500000e+02
1.562500e+02
1.625000e+02
1.687500e+02
1.750000e+02
1.812500e+02
1.875000e+02
1.937500e+02
2.000000e+02
0.000000e+00
6.250000e+00
1.250000e+01
1.875000e+01
2.500000e+01
3.125000e+01
3.750000e+01
4.375000e+01
5.000000e+01
5.625000e+01
6.250000e+01
6.875000e+01
7.500000e+01
8.125000e+01
8.750000e+01
9.375000e+01
1.000000e+02
1.062500e+02
1.125000e+02
1.187500e+02
1.250000e+02
1.312500e+02
1.375000e+02
1.437500e+02
1.500000e+02
1.562500e+02
1.625000e+02
1.687500e+02
1.750000e+02
1.812500e+02
1.875000e+02
1.937500e+02
2.000000e+02
0.000000e+00
6.250000e+00
1.250000e+01
1.875000e+01
2.500000e+01
3.125000e+01
3.750000e+01
4.375000e+01
5.000000e+01
5.625000e+01
6.250000e+01
6.875000e+01
7.500000e+01
8.125000e+01
8.750000e+01
9.375000e+01
1.000000e+02
1.062500e+02
1.125000e+02
1.187500e+02
1.250000e+02
1.312500e+02
1.375000e+02
1.437500e+02
1.500000e+02
1.562500e+02
1.625000e+02
1.687500e+02
1.750000e+02
1.812500e+02
1.875000e+02
1.937500e+02
2.000000e+02
0.000000e+00
6.250000e+00
1.250000e+01
1.875000e+01
2.500000e+01
3.125000e+01
3.750000e+01
4.375000e+01
5.000000e+01
5.625000e+01
6.250000e+01
6.875000e+01
7.500000e+01
8.125000e+01
8.750000e+01
9.375000e+01
1.000000e+02
1.062500e+02
1.125000e+02
1.187500e+02
1.250000e+02
1.312500e+02
1.375000e+02
1.437500e+02
1.500000e+02
1.562500e+02
1.625000e+02
1.687500e+02
1.750000e+02
1.812500e+02
1.875000e+02
1.937500e+02
2.000000e+02
0.000000e+00
6.250000e+00
1.250000e+01
1.875000e+01
2.500000e+01
3.125000e+01
3.750000e+01
4.375000e+01
5.000000e+01
5.625000e+01
6.250000e+01
6.875000e+01
7.500000e+01
8.125000e+01
8.750000e+01
9.375000e+01
1.000000e+02
1.062500e+02
1.125000e+02
1.187500e+02
1.250000e+02
1.312500e+02
1.375000e+02
1.437500e+02
1.500000e+02
1.562500e+02
1.625000e+02
1.687500e+02
1.750000e+02
1.812500e+02
1.875000e+02
1.937500e+02
2.000000e+02
0.000000e+00
6.250000e+00
1.250000e+01
1.875000e+01
2.500000e+01
3.125000e+01
3.750000e+01
4.375000e+01
5.000000e+01
5.625000e+01
6.250000e+01
6.875000e+01
7.500000e+01
8.125000e+01
8.750000e+01
9.375000e+01
1.000000e+02
1.062500e+02
1.125000e+02
1.187500e+02
1.250000e+02
1.312500e+02
1.375000e+02
1.437500e+02
1.500000e+02
1.562500e+02
1.625000e+02
1.687500e+02
1.750000e+02
1.812500e+02
1.875000e+02
1.937500e+02
2.000000e+02
0.000000e+00
6.250000e+00
1.250000e+01
1.875000e+01
2.500000e+01
3.125000e+01
3.750000e+01
4.375000e+01
5.000000e+01
5.625000e+01
6.250000e+01
6.875000e+01
7.500000e+01
8.125000e+01
8.750000e+01
9.375000e+01
1.000000e+02
1.062500e+02
1.125000e+02
1.187500e+02
1.250000e+02
1.312500e+02
1.375000e+02
1.437500e+02
1.500000e+02
1.562500e+02
1.625000e+02
1.687500e+02
1.750000e+02
1.812500e+02
1.875000e+02
1.937500e+02
2.000000e+02
0.000000e+00
6.250000e+00
1.250000e+01
1.875000e+01
2.500000e+01
3.125000e+01
3.750000e+01
4.375000e+01
5.000000e+01
5.625000e+01
6.250000e+01
6.875000e+01
7.500000e+01
8.125000e+01
8.750000e+01
9.375000e+01
1.000000e+02
1.062500e+02
1.125000e+02
1.187500e+02
1.250000e+02
1.312500e+02
1.375000e+02
1.437500e+02
1.500000e+02
1.562500e+02
1.625000e+02
1.687500e+02
1.750000e+02
1.812500e+02
1.875000e+02
1.937500e+02
2.000000e+02
0.000000e+00
6.250000e+00
1.250000e+01
1.875000e+01
2.500000e+01
3.125000e+01
3.750000e+01
4.375000e+01
5.000000e+01
5.625000e+01
6.250000e+01
6.875000e+01
7.500000e+01
8.125000e+01
8.750000e+01
9.375000e+01
1.000000e+02
1.062500e+02
1.125000e+02
1.187500e+02
1.250000e+02
1.312500e+02
1.375000e+02
1.437500e+02
1.500000e+02
1.562500e+02
1.625000e+02
1.687500e+02
1.750000e+02
1.812500e+02
1.875000e+02
1.937500e+02
2.000000e+02
0.000000e+00
6.250000e+00
1.250000e+01
1.875000e+01
2.500000e+01
3.125000e+01
3.750000e+01
4.375000e+01
5.000000e+01
5.625000e+01
6.250000e+01
6.875000e+01
7.500000e+01
8.125000e+01
8.750000e+01
9.375000e+01
1.000000e+02
1.062500e+02
1.125000e+02
1.187500e+02
1.250000e+02
1.312500e+02
1.375000e+02
1.437500e+02
1.500000e+02
1.562500e+02
1.625000e+02
1.687500e+02
1.750000e+02
1.812500e+02
1.875000e+02
1.937500e+02
2.000000e+02
0.000000e+00
6.250000e+00
1.250000e+01
1.875000e+01
2.500000e+01
3.125000e+01
3.750000e+01
4.375000e+01
5.000000e+01
5.625000e+01
6.250000e+01
6.875000e+01
7.500000e+01
8.125000e+01
8.750000e+01
9.375000e+01
1.000000e+02
1.062500e+02
1.125000e+02
1.187500e+02
1.250000e+02
1.312500e+02
1.375000e+02
1.437500e+02
1.500000e+02
1.562500e+02
1.625000e+02
1.687500e+02
1.750000e+02
1.812500e+02
1.875000e+02
1.937500e+02
2.000000e+02
0.000000e+00
6.250000e+00
1.250000e+01
1.875000e+01
2.500000e+01
3.125000e+01
3.750000e+01
4.375000e+01
5.000000e+01
5.625000e+01
6.250000e+01
6.875000e+01
7.500000e+01
8.125000e+01
8.750000e+01
9.375000e+01
1.000000e+02
1.062500e+02
1.125000e+02
1.187500e+02
1.250000e+02
1.312500e+02
1.375000e+02
1.437500e+02
1.500000e+02
1.562500e+02
1.625000e+02
1.687500e+02
1.750000e+02
1.812500e+02
1.875000e+02
1.937500e+02
2.000000e+02
0.000000e+00
6.250000e+00
1.250000e+01
1.875000e+01
2.500000e+01
3.125000e+01
3.750000e+01
4.375000e+01
5.000000e+01
5.625000e+01
6.250000e+01
6.875000e+01
7.500000e+01
8.125000e+01
8.750000e+01
9.375000e+01
1.000000e+02
1.062500e+02
1.125000e+02
1.187500e+02
1.250000e+02
1.312500e+02
1.375000e+02
1.437500e+02
1.500000e+02
1.562500e+02
1.625000e+02
1.687500e+02
1.750000e+02
1.812500e+02
1.875000e+02
1.937500e+02
2.000000e+02
0.000000e+00
6.250000e+00
1.250000e+01
1.875000e+01
2.500000e+01
3.125000e+01
3.750000e+01
4.375000e+01
5.000000e+01
5.625000e+01
6.250000e+01
6.875000e+01
7.500000e+01
8.125000e+01
8.750000e+01
9.375000e+01
1.000000e+02
1.062500e+02
1.125000e+02
1.187500e+02
1.250000e+02
1.312500e+02
1.375000e+02
1.437500e+02
1.500000e+02
1.562500e+02
1.625000e+02
1.687500e+02
1.750000e+02
1.812500e+02
1.875000e+02
1.937500e+02
2.000000e+02
0.000000e+00
6.250000e+00
1.250000e+01
1.875000e+01
2.500000e+01
3.125000e+01
3.750000e+01
4.375000e+01
5.000000e+01
5.625000e+01
6.250000e+01
6.875000e+01
7.500000e+01
8.125000e+01
8.750000e+01
9.375000e+01
1.000000e+02
1.062500e+02
1.125000e+02
1.187500e+02
1.250000e+02
1.312500e+02
1.375000e+02
1.437500e+02
1.500000e+02
1.562500e+02
1.625000e+02
1.687500e+02
1.750000e+02
1.812500e+02
1.875000e+02
1.937500e+02
2.000000e+02
0.000000e+00
6.250000e+00
1.250000e+01
1.875000e+01
2.500000e+01
3.125000e+01
3.750000e+01
4.375000e+01
5.000000e+01
5.625000e+01
6.250000e+01
6.875000e+01
7.500000e+01
8.125000e+01
8.750000e+01
9.375000e+01
1.000000e+02
1.062500e+02
1.125000e+02
1.187500e+02
1.250000e+02
1.312500e+02
1.375000e+02
1.437500e+02
1.500000e+02
1.562500e+02
1.625000e+02
1.687500e+02
1.750000e+02
1.812500e+02
1.875000e+02
1.937500e+02
2.000000e+02
0.000000e+00
0.000000e+00
0.000000e+00
0.000000e+00
0.000000e+00
0.000000e+00
0.000000e+00
0.000000e+00
0.000000e+00
0.000000e+00
0.000000e+00
0.000000e+00
0.000000e+00
0.000000e+00
0.000000e+00
0.000000e+00
0.000000e+00
0.000000e+00
0.000000e+00
0.000000e+00
0.000000e+00
0.000000e+00
0.000000e+00
0.000000e+00
0.000000e+00
0.000000e+00
0.000000e+00
0.000000e+00
0.000000e+00
0.000000e+00
0.000000e+00
0.000000e+00
0.000000e+00
6.250000e+00
6.250000e+00
6.250000e+00
6.250000e+00
6.250000e+00
6.250000e+00
6.250000e+00
6.250000e+00
6.250000e+00
6.250000e+00
6.250000e+00
6.250000e+00
6.250000e+00
6.250000e+00
6.250000e+00
6.250000e+00
6.250000e+00
6.250000e+00
6.250000e+00
6.250000e+00
6.250000e+00
6.250000e+00
6.250000e+00
6.250000e+00
6.250000e+00
6.250000e+00
6.250000e+00
6.250000e+00
6.250000e+00
6.250000e+00
6.250000e+00
6.250000e+00
6.250000e+00
1.250000e+01
1.250000e+01
1.250000e+01
1.250000e+01
1.250000e+01
1.250000e+01
1.250000e+01
1.250000e+01
1.250000e+01
1.250000e+01
1.250000e+01
1.250000e+01
1.250000e+01
1.250000e+01
1.250000e+01
1.250000e+01
1.250000e+01
1.250000e+01
1.250000e+01
1.250000e+01
1.250000e+01
1.250000e+01
1.250000e+01
1.250000e+01
1.250000e+01
1.250000e+01
1.250000e+01
1.250000e+01
1.250000e+01
1.250000e+01
1.250000e+01
1.250000e+01
1.250000e+01
1.875000e+01
1.875000e+01
1.875000e+01
1.875000e+01
1.875000e+01
1.875000e+01
1.875000e+01
1.875000e+01
1.875000e+01
1.875000e+01
1.875000e+01
1.875000e+01
1.875000e+01
1.875000e+01
1.875000e+01
1.875000e+01
1.875000e+01
1.875000e+01
1.875000e+01
1.875000e+01
1.875000e+01
1.875000e+01
1.875000e+01
1.875000e+01
1.875000e+01
1.875000e+01
1.875000e+01
1.875000e+01
1.875000e+01
1.875000e+01
1.875000e+01
1.875000e+01
1.875000e+01
2.500000e+01
2.500000e+01
2.500000e+01
2.500000e+01
2.500000e+01
2.500000e+01
2.500000e+01
2.500000e+01
2.500000e+01
2.500000e+01
2.500000e+01
2.500000e+01
2.500000e+01
2.500000e+01
2.500000e+01
2.500000e+01
2.500000e+01
2.500000e+01
2.500000e+01
2.500000e+01
2.500000e+01
2.500000e+01
2.500000e+01
2.500000e+01
2.500000e+01
2.500000e+01
2.500000e+01
2.500000e+01
2.500000e+01
2.500000e+01
2.500000e+01
2.500000e+01
2.500000e+01
3.125000e+01
3.125000e+01
3.125000e+01
3.125000e+01
3.125000e+01
3.125000e+01
3.125000e+01
3.125000e+01
3.125000e+01
3.125000e+01
3.125000e+01
3.125000e+01
3.125000e+01
3.125000e+01
3.125000e+01
3.125000e+01
3.125000e+01
3.125000e+01
3.125000e+01
3.125000e+01
3.125000e+01
3.125000e+01
3.125000e+01
3.125000e+01
3.125000e+01
3.125000e+01
3.125000e+01
3.125000e+01
3.125000e+01
3.125000e+01
3.125000e+01
3.125000e+01
3.125000e+01
3.750000e+01
3.750000e+01
3.750000e+01
3.750000e+01
3.750000e+01
3.750000e+01
3.750000e+01
3.750000e+01
3.750000e+01
3.750000e+01
3.750000e+01
3.750000e+01
3.750000e+01
3.750000e+01
3.750000e+01
3.750000e+01
3.750000e+01
3.750000e+01
3.750000e+01
3.750000e+01
3.750000e+01
3.750000e+01
3.750000e+01
3.750000e+01
3.750000e+01
3.750000e+01
3.750000e+01
3.750000e+01
3.750000e+01
3.750000e+01
3.750000e+01
3.750000e+01
3.750000e+01
4.375000e+01
4.375000e+01
4.375000e+01
4.375000e+01
4.375000e+01
4.375000e+01
4.375000e+01
4.375000e+01
4.375000e+01
4.375000e+01
4.375000e+01
4.375000e+01
4.375000e+01
4.375000e+01
4.375000e+01
4.375000e+01
4.375000e+01
4.375000e+01
4.375000e+01
4.375000e+01
4.375000e+01
4.375000e+01
4.375000e+01
4.375000e+01
4.375000e+01
4.375000e+01
4.375000e+01
4.375000e+01
4.375000e+01
4.375000e+01
4.375000e+01
4.375000e+01
4.375000e+01
5.000000e+01
5.000000e+01
5.000000e+01
5.000000e+01
5.000000e+01
5.000000e+01
5.000000e+01
5.000000e+01
5.000000e+01
5.000000e+01
5.000000e+01
5.000000e+01
5.000000e+01
5.000000e+01
5.000000e+01
5.000000e+01
5.000000e+01
5.000000e+01
5.000000e+01
5.000000e+01
5.000000e+01
5.000000e+01
5.000000e+01
5.000000e+01
5.000000e+01
5.000000e+01
5.000000e+01
5.000000e+01
5.000000e+01
5.000000e+01
5.000000e+01
5.000000e+01
5.000000e+01
5.625000e+01
5.625000e+01
5.625000e+01
5.625000e+01
5.625000e+01
5.625000e+01
5.625000e+01
5.625000e+01
5.625000e+01
5.625000e+01
5.625000e+01
5.625000e+01
5.625000e+01
5.625000e+01
5.625000e+01
5.625000e+01
5.625000e+01
5.625000e+01
5.625000e+01
5.625000e+01
5.625000e+01
5.625000e+01
5.625000e+01
5.625000e+01
5.625000e+01
5.625000e+01
5.625000e+01
5.625000e+01
5.625000e+01
5.625000e+01
5.625000e+01
5.625000e+01
5.625000e+01
6.250000e+01
6.250000e+01
6.250000e+01
6.250000e+01
6.250000e+01
6.250000e+01
6.250000e+01
6.250000e+01
6.250000e+01
6.250000e+01
6.250000e+01
6.250000e+01
6.250000e+01
6.250000e+01
6.250000e+01
6.250000e+01
6.250000e+01
6.250000e+01
6.250000e+01
6.250000e+01
6.250000e+01
6.250000e+01
6.250000e+01
6.250000e+01
6.250000e+01
6.250000e+01
6.250000e+01
6.250000e+01
6.250000e+01
6.250000e+01
6.250000e+01
6.250000e+01
6.250000e+01
6.875000e+01
6.875000e+01
6.875000e+01
6.875000e+01
6.875000e+01
6.875000e+01
6.875000e+01
6.875000e+01
6.875000e+01
6.875000e+01
6.875000e+01
6.875000e+01
6.875000e+01
6.875000e+01
6.875000e+01
6.875000e+01
6.875000e+01
6.875000e+01
6.875000e+01
6.875000e+01
6.875000e+01
6.875000e+01
6.875000e+01
6.875000e+01
6.875000e+01
6.875000e+01
6.875000e+01
6.875000e+01
6.875000e+01
6.875000e+01
6.875000e+01
6.875000e+01
6.875000e+01
7.500000e+01
7.500000e+01
7.500000e+01
7.500000e+01
7.500000e+01
7.500000e+01
7.500000e+01
7.500000e+01
7.500000e+01
7.500000e+01
7.500000e+01
7.500000e+01
7.500000e+01
7.500000e+01
7.500000e+01
7.500000e+01
7.500000e+01
7.500000e+01
7.500000e+01
7.500000e+01
7.500000e+01
7.500000e+01
7.500000e+01
7.500000e+01
7.500000e+01
7.500000e+01
7.500000e+01
7.500000e+01
7.500000e+01
7.500000e+01
7.500000e+01
7.500000e+01
7.500000e+01
8.125000e+01
8.125000e+01
8.125000e+01
8.125000e+01
8.125000e+01
8.125000e+01
8.125000e+01
8.125000e+01
8.125000e+01
8.125000e+01
8.125000e+01
8.125000e+01
8.125000e+01
8.125000e+01
8.125000e+01
8.125000e+01
8.125000e+01
8.125000e+01
8.125000e+01
8.125000e+01
8.125000e+01
8.125000e+01
8.125000e+01
8.125000e+01
8.125000e+01
8.125000e+01
8.125000e+01
8.125000e+01
8.125000e+01
8.125000e+01
8.125000e+01
8.125000e+01
8.125000e+01
8.750000e+01
8.750000e+01
8.750000e+01
8.750000e+01
8.750000e+01
8.750000e+01
8.750000e+01
8.750000e+01
8.750000e+01
8.750000e+01
8.750000e+01
8.750000e+01
8.750000e+01
8.750000e+01
8.750000e+01
8.750000e+01
8.750000e+01
8.750000e+01
8.750000e+01
8.750000e+01
8.750000e+01
8.750000e+01
8.750000e+01
8.750000e+01
8.750000e+01
8.750000e+01
8.750000e+01
8.750000e+01
8.750000e+01
8.750000e+01
8.750000e+01
8.750000e+01
8.750000e+01
9.375000e+01
9.375000e+01
9.375000e+01
9.375000e+01
9.375000e+01
9.375000e+01
9.375000e+01
9.375000e+01
9.375000e+01
9.375000e+01
9.375000e+01
9.375000e+01
9.375000e+01
9.375000e+01
9.375000e+01
9.375000e+01
9.375000e+01
9.375000e+01
9.375000e+01
9.375000e+01
9.375000e+01
9.375000e+01
9.375000e+01
9.375000e+01
9.375000e+01
9.375000e+01
9.375000e+01
9.375000e+01
9.375000e+01
9.375000e+01
9.375000e+01
9.375000e+01
9.375000e+01
1.000000e+02
1.000000e+02
1.000000e+02
1.000000e+02
1.000000e+02
1.000000e+02
1.000000e+02
1.000000e+02
1.000000e+02
1.000000e+02
1.000000e+02
1.000000e+02
1.000000e+02
1.000000e+02
1.000000e+02
1.000000e+02
1.000000e+02
1.000000e+02
1.000000e+02
1.000000e+02
1.000000e+02
1.000000e+02
1.000000e+02
1.000000e+02
1.000000e+02
1.000000e+02
1.000000e+02
1.000000e+02
1.000000e+02
1.000000e+02
1.000000e+02
1.000000e+02
1.000000e+02
0.000000e+00
-4.812727e-02
-8.732053e-02
-1.236275e-01
-1.584721e-01
-1.921198e-01
-2.246382e-01
-2.560244e-01
-2.862587e-01
-3.153191e-01
-3.431873e-01
-3.698508e-01
-3.953031e-01
-4.195437e-01
-4.425781e-01
-4.644187e-01
-4.850849e-01
-5.046051e-01
-5.230186e-01
-5.403783e-01
-5.567550e-01
-5.722418e-01
-5.869621e-01
-6.010798e-01
-6.148139e-01
-6.284626e-01
-6.424398e-01
-6.573356e-01
-6.740160e-01
-6.937551e-01
-7.182061e-01
-7.473449e-01
-7.651280e-01
0.000000e+00
-3.226804e-02
-6.713711e-02
-1.000141e-01
-1.312623e-01
-1.611795e-01
-1.899235e-01
-2.175637e-01
-2.441276e-01
-2.696241e-01
-2.940548e-01
-3.174199e-01
-3.397205e-01
-3.609600e-01
-3.811457e-01
-4.002887e-01
-4.184053e-01
-4.355178e-01
-4.516560e-01
-4.668584e-01
-4.811740e-01
-4.946648e-01
-5.074077e-01
-5.194966e-01
-5.310440e-01
-5.421790e-01
-5.530382e-01
-5.637338e-01
-5.742652e-01
-5.842896e-01
-5.926427e-01
-5.975263e-01
-6.043251e-01
0.000000e+00
-2.559508e-02
-5.269363e-02
-8.028427e-02
-1.070938e-01
-1.329154e-01
-1.577325e-01
-1.815687e-01
-2.044449e-01
-2.263757e-01
-2.473704e-01
-2.674354e-01
-2.865764e-01
-3.047989e-01
-3.221098e-01
-3.385175e-01
-3.540325e-01
-3.686684e-01
-3.824414e-01
-3.953714e-01
-4.074808e-01
-4.187942e-01
-4.293357e-01
-4.391240e-01
-4.481629e-01
-4.564235e-01
-4.638113e-01
-4.701088e-01
-4.748901e-01
-4.774647e-01
-4.772389e-01
-4.757932e-01
-4.837324e-01
0.000000e+00
-2.030743e-02
-4.173639e-02
-6.375198e-02
-8.571599e-02
-1.071480e-01
-1.278644e-01
-1.477995e-01
-1.669353e-01
-1.852712e-01
-2.028118e-01
-2.195630e-01
-2.355305e-01
-2.507192e-01
-2.651337e-01
-2.787781e-01
-2.916560e-01
-3.037708e-01
-3.151249e-01
-3.257191e-01
-3.355505e-01
-3.446102e-01
-3.528782e-01
-3.603158e-01
-3.668545e-01
-3.723788e-01
-3.767059e-01
-3.795714e-01
-3.806655e-01
-3.798533e-01
-3.778807e-01
-3.777629e-01
-3.853270e-01
0.000000e+00
-1.576140e-02
-3.227397e-02
-4.931404e-02
-6.649253e-02
-8.346034e-02
-9.998334e-02
-1.159430e-01
-1.312854e-01
-1.459899e-01
-1.600510e-01
-1.734694e-01
-1.862477e-01
-1.983880e-01
-2.098912e-01
-2.207561e-01
-2.309795e-01
-2.405551e-01
-2.494730e-01
-2.577183e-01
-2.652689e-01
-2.720925e-01
-2.781424e-01
-2.833521e-01
-2.876296e-01
-2.908538e-01
-2.928828e-01
-2.935945e-01
-2.930106e-01
-2.915819e-01
-2.906550e-01
-2.927954e-01
-2.992479e-01
0.000000e+00
-1.158371e-02
-2.366372e-02
-3.613181e-02
-4.877257e-02
-6.135003e-02
-7.367686e-02
-8.563130e-02
-9.714652e-02
-1.081900e-01
-1.187481e-01
-1.288159e-01
-1.383917e-01
-1.474738e-01
-1.560588e-01
-1.641405e-01
-1.717094e-01
-1.787516e-01
-1.852481e-01
-1.911735e-01
-1.964944e-01
-2.011676e-01
-2.051386e-01
-2.083407e-01
-2.106979e-01
-2.121362e-01
-2.126134e-01
-2.121851e-01
-2.111297e-01
-2.101255e-01
-2.103700e-01
-2.130986e-01
-2.184376e-01
0.000000e+00
-7.623476e-03
-1.554850e-02
-2.372492e-02
-3.203615e-02
-4.034230e-02
-4.851809e-02
-5.647222e-02
-6.414755e-02
-7.151255e-02
-7.855129e-02
-8.525575e-02
-9.162081e-02
-9.764116e-02
-1.033095e-01
-1.086156e-01
-1.135449e-01
-1.180787e-01
-1.221926e-01
-1.258562e-01
-1.290328e-01
-1.316793e-01
-1.337475e-01
-1.351888e-01
-1.359632e-01
-1.360593e-01
-1.355298e-01
-1.345500e-01
-1.334928e-01
-1.329803e-01
-1.337799e-01
-1.364365e-01
-1.407462e-01
0.000000e+00
-3.786578e-03
-7.716311e-03
-1.176900e-02
-1.589347e-02
-2.002455e-02
-2.410037e-02
-2.807252e-02
-3.190828e-02
-3.558767e-02
-3.909885e-02
-4.243398e-02
-4.558625e-02
-4.854782e-02
-5.130862e-02
-5.385538e-02
-5.617102e-02
-5.823416e-02
-6.001886e-02
-6.149473e-02
-6.262766e-02
-6.338177e-02
-6.372338e-02
-6.362837e-02
-6.309486e-02
-6.216357e-02
-6.094720e-02
-5.966555e-02
-5.867062e-02
-5.842138e-02
-5.935952e-02
-6.167707e-02
-6.509673e-02
0.000000e+00
-6.109305e-06
-1.324671e-05
-2.101682e-05
-2.901092e-05
-3.667794e-05
-4.318737e-05
-4.727716e-05
-4.707590e-05
-3.988885e-05
-2.193955e-05
1.193741e-05
6.865206e-05
1.572553e-04
2.893569e-04
4.795285e-04
7.456299e-04
1.108957e-03
1.594054e-03
2.227938e-03
3.038389e-03
4.050760e-03
5.282615e-03
6.735288e-03
8.381568e-03
1.014934e-02
1.190326e-02
1.343133e-02
1.445138e-02
1.465824e-02
1.382532e-02
1.193903e-02
9.297172e-03
0.000000e+00
3.775071e-03
7.691310e-03
1.172926e-02
1.583847e-02
1.995482e-02
2.401797e-02
2.798184e-02
3.181722e-02
3.550916e-02
3.905290e-02
4.245031e-02
4.570754e-02
4.883383e-02
5.184099e-02
5.474331e-02
5.755755e-02
6.030283e-02
6.300006e-02
6.567081e-02
6.833502e-02
7.100739e-02
7.369170e-02
7.637306e-02
7.900789e-02
8.151303e-02
8.375736e-02
8.556247e-02
8.672231e-02
8.705068e-02
8.645598e-02
8.502306e-02
8.306228e-02
0.000000e+00
7.614075e-03
1.552793e-02
2.369199e-02
3.199024e-02
4.028354e-02
4.844783e-02
5.639367e-02
6.406669e-02
7.143941e-02
7.850160e-02
8.525312e-02
9.169942e-02
9.784919e-02
1.037132e-01
1.093040e-01
1.146355e-01
1.197230e-01
1.245822e-01
1.292282e-01
1.336731e-01
1.379224e-01
1.419704e-01
1.457938e-01
1.493444e-01
1.525436e-01
1.552800e-01
1.574173e-01
1.588162e-01
1.593755e-01
1.590879e-01
1.580964e-01
1.567279e-01
0.000000e+00
1.157772e-02
2.365036e-02
3.611006e-02
4.874168e-02
6.130971e-02
7.362753e-02
8.557452e-02
9.708557e-02
1.081307e-01
1.186999e-01
1.287934e-01
1.384162e-01
1.475760e-01
1.562813e-01
1.645414e-01
1.723659e-01
1.797649e-01
1.867478e-01
1.933227e-01
1.994942e-01
2.052608e-01
2.106114e-01
2.155208e-01
2.199455e-01
2.238212e-01
2.270645e-01
2.295816e-01
2.312886e-01
2.321440e-01
2.321921e-01
2.316104e-01
2.307456e-01
0.000000e+00
1.575991e-02
3.227025e-02
4.930737e-02
6.648223e-02
8.344581e-02
9.996421e-02
1.159192e-01
1.312575e-01
1.459591e-01
1.600196e-01
1.734415e-01
1.862297e-01
1.983895e-01
2.099260e-01
2.208439e-01
2.311473e-01
2.408397e-01
2.499233e-01
2.583985e-01
2.662629e-01
2.735092e-01
2.801234e-01
2.860827e-01
2.913536e-01
2.958918e-01
2.996455e-01
3.025628e-01
3.046074e-01
3.057820e-01
3.061630e-01
3.059446e-01
3.054890e-01
0.000000e+00
2.031120e-02
4.174406e-02
6.376339e-02
8.573081e-02
1.071658e-01
1.278846e-01
1.478210e-01
1.669566e-01
1.852896e-01
2.028233e-01
2.195619e-01
2.355083e-01
2.506644e-01
2.650305e-01
2.786053e-01
2.913864e-01
3.033696e-01
3.145489e-01
3.249164e-01
3.344616e-01
3.431713e-01
3.510289e-01
3.580145e-01
3.641060e-01
3.692804e-01
3.735184e-01
3.768104e-01
3.791664e-01
3.806306e-01
3.813041e-01
3.813844e-01
3.812332e-01
0.000000e+00
2.560429e-02
5.271329e-02
8.031506e-02
1.071363e-01
1.329701e-01
1.577996e-01
1.816472e-01
2.045328e-01
2.264684e-01
2.474599e-01
2.675089e-01
2.866142e-01
3.047720e-01
3.219767e-01
3.382206e-01
3.534936e-01
3.677832e-01
3.810744e-01
3.933494e-01
4.045881e-01
4.147686e-01
4.238688e-01
4.318683e-01
4.387520e-01
4.445145e-01
4.491664e-01
4.527403e-01
4.552982e-01
4.569365e-01
4.577939e-01
4.580732e-01
4.581066e-01
0.000000e+00
3.228186e-02
6.716732e-02
1.000626e-01
1.313317e-01
1.612719e-01
1.900412e-01
2.177076e-01
2.442972e-01
2.698160e-01
2.942612e-01
3.176260e-01
3.399016e-01
3.610778e-01
3.811426e-01
4.000817e-01
4.178779e-01
4.345101e-01
4.499535e-01
4.641788e-01
4.771533e-01
4.888421e-01
4.992105e-01
5.082290e-01
5.158787e-01
5.221601e-01
5.271029e-01
5.307767e-01
5.333003e-01
5.348467e-01
5.356367e-01
5.359231e-01
5.359933e-01
0.000000e+00
4.814240e-02
8.735584e-02
1.236881e-01
1.585626e-01
1.922453e-01
2.248038e-01
2.562350e-01
2.865181e-01
3.156289e-01
3.435449e-01
3.702467e-01
3.957171e-01
4.199399e-01
4.428983e-01
4.645729e-01
4.849408e-01
5.039736e-01
5.216365e-01
5.378877e-01
5.526782e-01
5.659535e-01
5.776569e-01
5.877344e-01
5.961446e-01
6.028705e-01
6.079361e-01
6.114257e-01
6.135056e-01
6.144429e-01
6.146132e-01
6.144721e-01
6.143927e-01
0.000000e+00
-2.974173e-02
-5.190575e-02
-7.609204e-02
-1.030249e-01
-1.334483e-01
-1.675736e-01
-2.054601e-01
-2.470701e-01
-2.923144e-01
-3.410732e-01
-3.932083e-01
-4.485711e-01
-5.070067e-01
-5.683570e-01
-6.324628e-01
-6.991660e-01
-7.683112e-01
-8.397481e-01
-9.133353e-01
-9.889448e-01
-1.066469e+00
-1.145830e+00
-1.226998e+00
-1.310014e+00
-1.395031e+00
-1.482387e+00
-1.572741e+00
-1.667356e+00
-1.768727e+00
-1.882245e+00
-2.020623e+00
-2.211795e+00
0.000000e+00
-1.848336e-02
-4.168324e-02
-6.603268e-02
-9.334095e-02
-1.240948e-01
-1.585517e-01
-1.967698e-01
-2.387148e-01
-2.842973e-01
-3.333968e-01
-3.858742e-01
-4.415795e-01
-5.003565e-01
-5.620457e-01
-6.264863e-01
-6.935182e-01
-7.629836e-01
-8.347295e-01
-9.086108e-01
-9.844951e-01
-1.062269e+00
-1.141848e+00
-1.223194e+00
-1.306335e+00
-1.391412e+00
-1.478744e+00
-1.568971e+00
-1.663327e+00
-1.764268e+00
-1.876909e+00
-2.012206e+00
-2.190811e+00
0.000000e+00
-1.357709e-02
-3.360483e-02
-5.762211e-02
-8.497808e-02
-1.159586e-01
-1.506874e-01
-1.891968e-01
-2.314405e-01
-2.773250e-01
-3.267277e-01
-3.795084e-01
-4.355164e-01
-4.945949e-01
-5.565840e-01
-6.213221e-01
-6.886484e-01
-7.584042e-01
-8.304354e-01
-9.045959e-01
-9.807519e-01
-1.058789e+00
-1.138624e+00
-1.220217e+00
-1.303602e+00
-1.388926e+00
-1.476524e+00
-1.567052e+00
-1.661728e+00
-1.762764e+00
-1.873939e+00
-1.999718e+00
-2.139245e+00
0.000000e+00
-1.087196e-02
-2.845652e-02
-5.119307e-02
-7.819748e-02
-1.091684e-01
-1.440458e-01
-1.827709e-01
-2.252604e-01
-2.714037e-01
-3.210703e-01
-3.741166e-01
-4.303907e-01
-4.897353e-01
-5.519907e-01
-6.169959e-01
-6.845904e-01
-7.546162e-01
-8.269201e-01
-9.013571e-01
-9.777952e-01
-1.056123e+00
-1.136260e+00
-1.218175e+00
-1.301909e+00
-1.387615e+00
-1.475626e+00
-1.566545e+00
-1.661371e+00
-1.761560e+00
-1.868507e+00
-1.981303e+00
-2.086305e+00
0.000000e+00
-9.199469e-03
-2.508970e-02
-4.662769e-02
-7.301651e-02
-1.037843e-01
-1.386749e-01
-1.775258e-01
-2.201969e-01
-2.665485e-01
-3.164359e-01
-3.697086e-01
-4.262120e-01
-4.857884e-01
-5.482787e-01
-6.135229e-01
-6.813623e-01
-7.516406e-01
-8.242066e-01
-8.989178e-01
-9.756452e-01
-1.054281e+00
-1.134748e+00
-1.217016e+00
-1.301124e+00
-1.387207e+00
-1.475536e+00
-1.566544e+00
-1.660805e+00
-1.758783e+00
-1.860010e+00
-1.960770e+00
-2.052215e+00
0.000000e+00
-8.135247e-03
-2.288065e-02
-4.348600e-02
-6.928080e-02
-9.976041e-02
-1.345751e-01
-1.734757e-01
-2.162663e-01
-2.627742e-01
-3.128364e-01
-3.662938e-01
-4.229880e-01
-4.827606e-01
-5.454531e-01
-6.109074e-01
-6.789666e-01
-7.494768e-01
-8.222892e-01
-8.972637e-01
-9.742730e-01
-1.053210e+00
-1.133995e+00
-1.216590e+00
-1.301008e+00
-1.387332e+00
-1.475713e+00
-1.566343e+00
-1.659326e+00
-1.754349e+00
-1.849964e+00
-1.942754e+00
-2.027564e+00
0.000000e+00
-7.473846e-03
-2.148398e-02
-4.144383e-02
-6.677814e-02
-9.699511e-02
-1.317064e-01
-1.706119e-01
-2.134731e-01
-2.600890e-01
-3.102802e-01
-3.638788e-01
-4.207227e-01
-4.806529e-01
-5.435119e-01
-6.091431e-01
-6.773920e-01
-7.481067e-01
-8.211402e-01
-8.963532e-01
-9.736174e-01
-1.052821e+00
-1.133875e+00
-1.216717e+00
-1.301319e+00
-1.387683e+00
-1.475817e+00
-1.565670e+00
-1.656982e+00
-1.749010e+00
-1.840164e+00
-1.927813e+00
-2.008738e+00
0.000000e+00
-7.110396e-03
-2.070900e-02
-4.029302e-02
-6.534308e-02
-9.538434e-02
-1.300160e-01
-1.689130e-01
-2.118123e-01
-2.584951e-01
-3.087707e-01
-3.624655e-01
-4.194153e-01
-4.794608e-01
-5.424457e-01
-6.082153e-01
-6.766169e-01
-7.474999e-01
-8.207178e-01
-8.961297e-01
-9.736030e-01
-1.053016e+00
-1.134260e+00
-1.217243e+00
-1.301880e+00
-1.388085e+00
-1.475730e+00
-1.564578e+00
-1.654152e+00
-1.743573e+00
-1.831405e+00
-1.915670e+00
-1.994172e+00
0.000000e+00
-6.993294e-03
-2.045897e-02
-3.992004e-02
-6.487538e-02
-9.485716e-02
-1.294622e-01
-1.683586e-01
-2.112760e-01
-2.579901e-01
-3.083069e-01
-3.620517e-01
-4.190604e-01
-4.791750e-01
-5.422404e-01
-6.081038e-01
-6.766135e-01
-7.476195e-01
-8.209742e-01
-8.965328e-01
-9.741550e-01
-1.053705e+00
-1.135050e+00
-1.218059e+00
-1.302592e+00
-1.388481e+00
-1.475493e+00
-1.563269e+00
-1.651241e+00
-1.738544e+00
-1.823961e+00
-1.905986e+00
-1.983008e+00
0.000000e+00
-7.107009e-03
-2.070430e-02
-4.028898e-02
-6.534186e-02
-9.538863e-02
-1.300293e-01
-1.689401e-01
-2.118595e-01
-2.585704e-01
-3.088847e-01
-3.626315e-01
-4.196494e-01
-4.797829e-01
-5.428787e-01
-6.087853e-01
-6.773518e-01
-7.484275e-01
-8.218624e-01
-8.975062e-01
-9.752084e-01
-1.054816e+00
-1.136171e+00
-1.219105e+00
-1.303426e+00
-1.388899e+00
-1.475218e+00
-1.561963e+00
-1.648550e+00
-1.734190e+00
-1.817881e+00
-1.898457e+00
-1.974688e+00
0.000000e+00
-7.467346e-03
-2.147496e-02
-4.143602e-02
-6.677569e-02
-9.700317e-02
-1.317318e-01
-1.706637e-01
-2.135632e-01
-2.602331e-01
-3.104985e-01
-3.641966e-01
-4.211715e-01
-4.812705e-01
-5.443426e-01
-6.102371e-01
-6.788032e-01
-7.498891e-01
-8.233412e-01
-8.990030e-01
-9.767126e-01
-1.056300e+00
-1.137583e+00
-1.220359e+00
-1.304392e+00
-1.389400e+00
-1.475032e+00
-1.560844e+00
-1.646275e+00
-1.730635e+00
-1.813113e+00
-1.892810e+00
-1.968782e+00
0.000000e+00
-8.126213e-03
-2.286811e-02
-4.347510e-02
-6.927727e-02
-9.977146e-02
-1.346102e-01
-1.735476e-01
-2.163917e-01
-2.629750e-01
-3.131410e-01
-3.667377e-01
-4.236153e-01
-4.836243e-01
-5.466156e-01
-6.124391e-01
-6.809436e-01
-7.519758e-01
-8.253782e-01
-9.009878e-01
-9.786325e-01
-1.058127e+00
-1.139267e+00
-1.221821e+00
-1.305522e+00
-1.390055e+00
-1.475044e+00
-1.560042e+00
-1.644528e+00
-1.727912e+00
-1.809553e+00
-1.888782e+00
-1.964910e+00
0.000000e+00
-9.188826e-03
-2.507494e-02
-4.661485e-02
-7.301243e-02
-1.037977e-01
-1.387172e-01
-1.776125e-01
-2.203483e-01
-2.667912e-01
-3.168040e-01
-3.702452e-01
-4.269705e-01
-4.868332e-01
-5.496853e-01
-6.153769e-01
-6.837563e-01
-7.546682e-01
-8.279518e-01
-9.034384e-01
-9.809471e-01
-1.060280e+00
-1.141216e+00
-1.223503e+00
-1.306851e+00
-1.390923e+00
-1.475331e+00
-1.559637e+00
-1.643361e+00
-1.726001e+00
-1.807068e+00
-1.886107e+00
-1.962694e+00
0.000000e+00
-1.086102e-02
-2.844136e-02
-5.118001e-02
-7.819397e-02
-1.091841e-01
-1.440935e-01
-1.828677e-01
-2.254288e-01
-2.716730e-01
-3.214783e-01
-3.747109e-01
-4.312301e-01
-4.908907e-01
-5.535453e-01
-6.190439e-01
-6.872337e-01
-7.579578e-01
-8.310528e-01
-9.063455e-01
-9.836485e-01
-1.062755e+00
-1.143433e+00
-1.225416e+00
-1.308400e+00
-1.392036e+00
-1.475932e+00
-1.559659e+00
-1.642772e+00
-1.724842e+00
-1.805506e+00
-1.884510e+00
-1.961728e+00
0.000000e+00
-1.356756e-02
-3.359156e-02
-5.761109e-02
-8.497703e-02
-1.159777e-01
-1.507401e-01
-1.893009e-01
-2.316194e-01
-2.776091e-01
-3.271560e-01
-3.801300e-01
-4.363918e-01
-4.957968e-01
-5.581973e-01
-6.234427e-01
-6.913794e-01
-7.618491e-01
-8.346861e-01
-9.097144e-01
-9.867427e-01
-1.065559e+00
-1.145924e+00
-1.227566e+00
-1.310174e+00
-1.393394e+00
-1.476836e+00
-1.560080e+00
-1.642706e+00
-1.724335e+00
-1.804696e+00
-1.883707e+00
-1.961560e+00
0.000000e+00
-1.847723e-02
-4.167421e-02
-6.602619e-02
-9.334496e-02
-1.241197e-01
-1.586111e-01
-1.968816e-01
-2.389021e-01
-2.845905e-01
-3.338343e-01
-3.865042e-01
-4.424608e-01
-5.015596e-01
-5.636520e-01
-6.285870e-01
-6.962098e-01
-7.663607e-01
-8.388727e-01
-9.135676e-01
-9.902519e-01
-1.068711e+00
-1.148705e+00
-1.229958e+00
-1.312161e+00
-1.394963e+00
-1.477978e+00
-1.560800e+00
-1.643028e+00
-1.724311e+00
-1.804432e+00
-1.883417e+00
-1.961703e+00
0.000000e+00
-2.974086e-02
-5.190274e-02
-7.609261e-02
-1.030371e-01
-1.334825e-01
-1.676434e-01
-2.055832e-01
-2.472694e-01
-2.926192e-01
-3.415205e-01
-3.938440e-01
-4.494506e-01
-5.081956e-01
-5.699299e-01
-6.345016e-01
-7.017547e-01
-7.715280e-01
-8.436525e-01
-9.179483e-01
-9.942202e-01
-1.072253e+00
-1.151804e+00
-1.232603e+00
-1.314341e+00
-1.396676e+00
-1.479236e+00
-1.561631e+00
-1.643482e+00
-1.724468e+00
-1.804401e+00
-1.883346e+00
-1.961783e+00


0.000000e+00
1.016573e-09
2.090982e-09
3.053721e-09
3.925835e-09
4.716422e-09
5.432556e-09
6.080162e-09
6.663194e-09
7.184878e-09
7.648500e-09
8.057641e-09
8.416177e-09
8.728185e-09
8.997835e-09
9.229302e-09
9.426694e-09
9.594007e-09
9.735101e-09
9.853695e-09
9.953379e-09
1.003765e-08
1.011001e-08
1.017403e-08
1.023366e-08
1.029350e-08
1.035933e-08
1.043875e-08
1.054088e-08
1.067157e-08
1.082382e-08
1.099372e-08
1.116924e-08
0.000000e+00
7.274660e-10
1.778286e-09
2.675340e-09
3.463380e-09
4.169421e-09
4.803670e-09
5.373006e-09
5.882442e-09
6.336072e-09
6.737686e-09
7.091032e-09
7.399893e-09
7.668071e-09
7.899351e-09
8.097452e-09
8.265993e-09
8.408456e-09
8.528179e-09
8.628334e-09
8.711934e-09
8.781834e-09
8.840748e-09
8.891271e-09
8.935888e-09
8.976929e-09
9.016329e-09
9.054818e-09
9.090291e-09
9.120111e-09
9.168621e-09
9.302211e-09
9.496153e-09
0.000000e+00
6.485683e-10
1.490900e-09
2.251544e-09
2.943512e-09
3.566191e-09
4.123213e-09
4.619795e-09
5.061025e-09
5.451525e-09
5.795522e-09
6.096965e-09
6.359610e-09
6.587051e-09
6.782731e-09
6.949943e-09
7.091823e-09
7.211340e-09
7.311286e-09
7.394268e-09
7.462689e-09
7.518736e-09
7.564339e-09
7.601127e-09
7.630314e-09
7.652517e-09
7.667441e-09
7.673704e-09
7.670420e-09
7.665663e-09
7.694174e-09
7.814471e-09
8.008389e-09
0.000000e+00
5.450541e-10
1.182070e-09
1.800579e-09
2.385486e-09
2.919537e-09
3.398034e-09
3.822997e-09
4.198509e-09
4.529015e-09
4.818769e-09
5.071700e-09
5.291414e-09
5.481228e-09
5.644211e-09
5.783206e-09
5.900855e-09
5.999604e-09
6.081704e-09
6.149210e-09
6.203958e-09
6.247547e-09
6.281295e-09
6.306184e-09
6.322781e-09
6.331180e-09
6.331130e-09
6.322917e-09
6.310226e-09
6.305390e-09
6.334037e-09
6.435634e-09
6.601733e-09
0.000000e+00
4.294861e-10
9.090310e-10
1.387221e-09
1.852328e-09
2.285258e-09
2.676754e-09
3.025133e-09
3.332365e-09
3.601798e-09
3.837081e-09
4.041724e-09
4.218942e-09
4.371635e-09
4.502415e-09
4.613638e-09
4.707435e-09
4.785738e-09
4.850287e-09
4.902635e-09
4.944144e-09
4.975970e-09
4.999051e-09
5.014096e-09
5.021616e-09
5.022084e-09
5.016426e-09
5.007188e-09
5.000312e-09
5.005838e-09
5.037684e-09
5.117252e-09
5.243036e-09
0.000000e+00
3.197577e-10
6.640004e-10
1.011993e-09
1.355100e-09
1.679766e-09
1.976823e-09
2.242694e-09
2.477449e-09
2.683023e-09
2.862055e-09
3.017289e-09
3.151299e-09
3.266402e-09
3.364648e-09
3.447853e-09
3.517625e-09
3.575390e-09
3.622417e-09
3.659830e-09
3.688614e-09
3.709630e-09
3.723635e-09
3.731330e-09
3.733483e-09
3.731192e-09
3.726385e-09
3.722472e-09
3.724502e-09
3.737618e-09
3.765583e-09
3.819972e-09
3.904174e-09
0.000000e+00
2.124920e-10
4.357674e-10
6.623314e-10
8.872945e-10
1.102376e-09
1.301113e-09
1.480111e-09
1.638578e-09
1.777335e-09
1.897964e-09
2.002277e-09
2.092032e-09
2.168821e-09
2.234042e-09
2.288916e-09
2.334506e-09
2.371748e-09
2.401471e-09
2.424421e-09
2.441280e-09
2.452699e-09
2.459340e-09
2.461958e-09
2.461532e-09
2.459477e-09
2.457881e-09
2.459501e-09
2.467039e-09
2.481528e-09
2.502616e-09
2.536728e-09
2.588348e-09
0.000000e+00
1.060577e-10
2.159089e-10
3.275174e-10
4.386122e-10
5.454168e-10
6.446866e-10
7.344816e-10
8.141315e-10
8.838596e-10
9.443612e-10
9.965019e-10
1.041144e-09
1.079069e-09
1.110959e-09
1.137397e-09
1.158886e-09
1.175870e-09
1.188749e-09
1.197910e-09
1.203747e-09
1.206698e-09
1.207295e-09
1.206226e-09
1.204426e-09
1.203150e-09
1.203945e-09
1.208322e-09
1.216994e-09
1.229166e-09
1.243718e-09
1.264517e-09
1.295008e-09
0.000000e+00
-2.097306e-13
-4.207845e-13
-6.329397e-13
-8.465188e-13
-1.066465e-12
-1.301892e-12
-1.565720e-12
-1.876574e-12
-2.258609e-12
-2.744662e-12
-3.375594e-12
-4.202650e-12
-5.286156e-12
-6.694322e-12
-8.499814e-12
-1.077334e-11
-1.357484e-11
-1.694014e-11
-2.086405e-11
-2.527730e-11
-3.001917e-11
-3.480246e-11
-3.917986e-11
-4.251940e-11
-4.403594e-11
-4.293747e-11
-3.876177e-11
-3.180904e-11
-2.323375e-11
-1.392441e-11
-1.565093e-12
1.601291e-11
0.000000e+00
-1.064774e-10
-2.167450e-10
-3.287683e-10
-4.402729e-10
-5.474922e-10
-6.471952e-10
-7.374652e-10
-8.176626e-10
-8.880530e-10
-9.493888e-10
-1.002610e-09
-1.048671e-09
-1.088469e-09
-1.122812e-09
-1.152426e-09
-1.177959e-09
-1.199982e-09
-1.218994e-09
-1.235407e-09
-1.249538e-09
-1.261590e-09
-1.271632e-09
-1.279594e-09
-1.285279e-09
-1.288438e-09
-1.288909e-09
-1.286839e-09
-1.282845e-09
-1.277891e-09
-1.272559e-09
-1.265585e-09
-1.255774e-09
0.000000e+00
-2.129102e-10
-4.365887e-10
-6.635457e-10
-8.888836e-10
-1.104323e-09
-1.303410e-09
-1.482758e-09
-1.641596e-09
-1.780766e-09
-1.901890e-09
-2.006827e-09
-2.097404e-09
-2.175298e-09
-2.242017e-09
-2.298906e-09
-2.347172e-09
-2.387899e-09
-2.422063e-09
-2.450530e-09
-2.474053e-09
-2.493264e-09
-2.508660e-09
-2.520609e-09
-2.529368e-09
-2.535146e-09
-2.538204e-09
-2.538966e-09
-2.538061e-09
-2.536191e-09
-2.533750e-09
-2.530161e-09
-2.524950e-09
0.000000e+00
-3.201688e-10
-6.648019e-10
-1.013172e-09
-1.356630e-09
-1.681616e-09
-1.978957e-09
-2.245075e-09
-2.480037e-09
-2.685779e-09
-2.864947e-09
-3.020299e-09
-3.154438e-09
-3.269723e-09
-3.368271e-09
-3.451986e-09
-3.522594e-09
-3.581674e-09
-3.630674e-09
-3.670925e-09
-3.703640e-09
-3.729905e-09
-3.750674e-09
-3.766758e-09
-3.778838e-09
-3.787496e-09
-3.793269e-09
-3.796709e-09
-3.798391e-09
-3.798840e-09
-3.798362e-09
-3.796823e-09
-3.794271e-09
0.000000e+00
-4.298697e-10
-9.097986e-10
-1.388373e-09
-1.853851e-09
-2.287126e-09
-2.678928e-09
-3.027558e-09
-3.334971e-09
-3.604489e-09
-3.839740e-09
-4.044207e-09
-4.221084e-09
-4.373259e-09
-4.503345e-09
-4.613723e-09
-4.706583e-09
-4.783957e-09
-4.847745e-09
-4.899721e-09
-4.941546e-09
-4.974756e-09
-5.000751e-09
-5.020778e-09
-5.035918e-09
-5.047090e-09
-5.055070e-09
-5.060519e-09
-5.064004e-09
-5.065968e-09
-5.066706e-09
-5.066348e-09
-5.065288e-09
0.000000e+00
-5.453701e-10
-1.182771e-09
-1.801698e-09
-2.387045e-09
-2.921540e-09
-3.400470e-09
-3.825836e-09
-4.201694e-09
-4.532452e-09
-4.822313e-09
-5.075146e-09
-5.294487e-09
-5.483579e-09
-5.645414e-09
-5.782774e-09
-5.898257e-09
-5.994309e-09
-6.073235e-09
-6.137223e-09
-6.188340e-09
-6.228539e-09
-6.259640e-09
-6.283310e-09
-6.301028e-09
-6.314067e-09
-6.323477e-09
-6.330095e-09
-6.334556e-09
-6.337319e-09
-6.338703e-09
-6.338982e-09
-6.338713e-09
0.000000e+00
-6.487472e-10
-1.491503e-09
-2.252612e-09
-2.945105e-09
-3.568359e-09
-4.125996e-09
-4.623220e-09
-5.065093e-09
-5.456192e-09
-5.800680e-09
-6.102422e-09
-6.365064e-09
-6.592068e-09
-6.786732e-09
-6.952189e-09
-7.091419e-09
-7.207247e-09
-7.302362e-09
-7.379319e-09
-7.440556e-09
-7.488390e-09
-7.525019e-09
-7.552493e-09
-7.572683e-09
-7.587234e-09
-7.597526e-09
-7.604650e-09
-7.609418e-09
-7.612399e-09
-7.613993e-09
-7.614554e-09
-7.614645e-09
0.000000e+00
-7.275358e-10
-1.778831e-09
-2.676383e-09
-3.464993e-09
-4.171689e-09
-4.806679e-09
-5.376833e-09
-5.887141e-09
-6.341654e-09
-6.744092e-09
-7.098105e-09
-7.407346e-09
-7.675457e-09
-7.906026e-09
-8.102547e-09
-8.268391e-09
-8.406780e-09
-8.520787e-09
-8.613335e-09
-8.687200e-09
-8.745027e-09
-8.789317e-09
-8.822427e-09
-8.846533e-09
-8.863590e-09
-8.875286e-09
-8.883008e-09
-8.887846e-09
-8.890632e-09
-8.892009e-09
-8.892501e-09
-8.892628e-09
0.000000e+00
-1.016801e-09
-2.091612e-09
-3.054791e-09
-3.927432e-09
-4.718653e-09
-5.435526e-09
-6.083967e-09
-6.667907e-09
-7.190529e-09
-7.655053e-09
-8.064962e-09
-8.424004e-09
-8.736089e-09
-9.005185e-09
-9.235221e-09
-9.430021e-09
-9.593262e-09
-9.728442e-09
-9.838877e-09
-9.927689e-09
-9.997813e-09
-1.005199e-08
-1.009277e-08
-1.012250e-08
-1.014330e-08
-1.015708e-08
-1.016550e-08
-1.016999e-08
-1.017179e-08
-1.017203e-08
-1.017172e-08
-1.017157e-08
0.000000e+00
1.043676e-09
1.743671e-09
2.269231e-09
2.791662e-09
3.365885e-09
4.010635e-09
4.731021e-09
5.525086e-09
6.388020e-09
7.313718e-09
8.295631e-09
9.327251e-09
1.040236e-08
1.151520e-08
1.266048e-08
1.383347e-08
1.502996e-08
1.624627e-08
1.747926e-08
1.872631e-08
1.998536e-08
2.125496e-08
2.253438e-08
2.382386e-08
2.512509e-08
2.644232e-08
2.778503e-08
2.917540e-08
3.066922e-08
3.238827e-08
3.438722e-08
3.644295e-08
0.000000e+00
6.049469e-10
1.263136e-09
1.811950e-09
2.372686e-09
2.986194e-09
3.668837e-09
4.424606e-09
5.251807e-09
6.145706e-09
7.100185e-09
8.108664e-09
9.164613e-09
1.026183e-08
1.139457e-08
1.255764e-08
1.374636e-08
1.495663e-08
1.618487e-08
1.742803e-08
1.868360e-08
1.994961e-08
2.122470e-08
2.250819e-08
2.380033e-08
2.510278e-08
2.641965e-08
2.776013e-08
2.914464e-08
3.061747e-08
3.225992e-08
3.416648e-08
3.616533e-08
0.000000e+00
3.256319e-10
8.386772e-10
1.391938e-09
1.980852e-09
2.629519e-09
3.347754e-09
4.137648e-09
4.996842e-09
5.920426e-09
6.902253e-09
7.935769e-09
9.014502e-09
1.013232e-08
1.128359e-08
1.246318e-08
1.366655e-08
1.488969e-08
1.612913e-08
1.738195e-08
1.864577e-08
1.991874e-08
2.119965e-08
2.248797e-08
2.378412e-08
2.508991e-08
2.640946e-08
2.775100e-08
2.912917e-08
3.056540e-08
3.210036e-08
3.386980e-08
3.576203e-08
0.000000e+00
1.801259e-10
5.780423e-10
1.094095e-09
1.688374e-09
2.357472e-09
3.101150e-09
3.917238e-09
4.801531e-09
5.748422e-09
6.751569e-09
7.804431e-09
8.900633e-09
1.003417e-08
1.119953e-08
1.239172e-08
1.360630e-08
1.483937e-08
1.608759e-08
1.734814e-08
1.861874e-08
1.989769e-08
2.118388e-08
2.247695e-08
2.377741e-08
2.508701e-08
2.640918e-08
2.774929e-08
2.911317e-08
3.050306e-08
3.194127e-08
3.355954e-08
3.530261e-08
0.000000e+00
1.064693e-10
4.251460e-10
8.946044e-10
1.477412e-09
2.153983e-09
2.913674e-09
3.748721e-09
4.652156e-09
5.617119e-09
6.636802e-09
7.704580e-09
8.814155e-09
9.959663e-09
1.113573e-08
1.233752e-08
1.356069e-08
1.480148e-08
1.605663e-08
1.732340e-08
1.859961e-08
1.988364e-08
2.117445e-08
2.247170e-08
2.377579e-08
2.508798e-08
2.641022e-08
2.774428e-08
2.908911e-08
3.043938e-08
3.180690e-08
3.329816e-08
3.488696e-08
0.000000e+00
6.730309e-11
3.353668e-10
7.676589e-10
1.333345e-09
2.008753e-09
2.776516e-09
3.623944e-09
4.541055e-09
5.519406e-09
6.551486e-09
7.630450e-09
8.750018e-09
9.904438e-09
1.108848e-08
1.229742e-08
1.352707e-08
1.477372e-08
1.603421e-08
1.730586e-08
1.858654e-08
1.987464e-08
2.116912e-08
2.246951e-08
2.377589e-08
2.508873e-08
2.640837e-08
2.773382e-08
2.906113e-08
3.038479e-08
3.171449e-08
3.311905e-08
3.458347e-08
0.000000e+00
4.582570e-11
2.843037e-10
6.913843e-10
1.242176e-09
1.912964e-09
2.683594e-09
3.538106e-09
4.464061e-09
5.451514e-09
6.492199e-09
7.578982e-09
8.705540e-09
9.866195e-09
1.105582e-08
1.226981e-08
1.350405e-08
1.475492e-08
1.601930e-08
1.729454e-08
1.857852e-08
1.986959e-08
2.116662e-08
2.246893e-08
2.377617e-08
2.508804e-08
2.640369e-08
2.772088e-08
2.903559e-08
3.034463e-08
3.165600e-08
3.300818e-08
3.438862e-08
0.000000e+00
3.491459e-11
2.581505e-10
6.510931e-10
1.192292e-09
1.858955e-09
2.630030e-09
3.487934e-09
4.418717e-09
5.411402e-09
6.457152e-09
7.548590e-09
8.679340e-09
9.843757e-09
1.103679e-08
1.225389e-08
1.349101e-08
1.474457e-08
1.601146e-08
1.728905e-08
1.857516e-08
1.986810e-08
2.116658e-08
2.246968e-08
2.377667e-08
2.508668e-08
2.639829e-08
2.770910e-08
2.901609e-08
3.031769e-08
3.161911e-08
3.294012e-08
3.427030e-08
0.000000e+00
3.156363e-11
2.501079e-10
6.385205e-10
1.176446e-09
1.841512e-09
2.612505e-09
3.471370e-09
4.403669e-09
5.398065e-09
6.445517e-09
7.538560e-09
8.670799e-09
9.836609e-09
1.103096e-08
1.224934e-08
1.348771e-08
1.474251e-08
1.601061e-08
1.728935e-08
1.857651e-08
1.987028e-08
2.116924e-08
2.247225e-08
2.377827e-08
2.508613e-08
2.639426e-08
2.770058e-08
2.900294e-08
3.030040e-08
3.159559e-08
3.289800e-08
3.420004e-08
0.000000e+00
3.491602e-11
2.581326e-10
6.510400e-10
1.192190e-09
1.858798e-09
2.629821e-09
3.487687e-09
4.418463e-09
5.411188e-09
6.457045e-09
7.548679e-09
8.679737e-09
9.844597e-09
1.103822e-08
1.225608e-08
1.349412e-08
1.474874e-08
1.601679e-08
1.729555e-08
1.858273e-08
1.987641e-08
2.117502e-08
2.247725e-08
2.378186e-08
2.508754e-08
2.639273e-08
2.769571e-08
2.899489e-08
3.028948e-08
3.158045e-08
3.287200e-08
3.415901e-08
0.000000e+00
4.582574e-11
2.842587e-10
6.912644e-10
1.241955e-09
1.912631e-09
2.683155e-09
3.537592e-09
4.463530e-09
5.451060e-09
6.491955e-09
7.579125e-09
8.706293e-09
9.867826e-09
1.105864e-08
1.227414e-08
1.351023e-08
1.476325e-08
1.602999e-08
1.730765e-08
1.859386e-08
1.988659e-08
2.118413e-08
2.248500e-08
2.378783e-08
2.509124e-08
2.639376e-08
2.769391e-08
2.899045e-08
3.028264e-08
3.157067e-08
3.285614e-08
3.413573e-08
0.000000e+00
6.729936e-11
3.352846e-10
7.674584e-10
1.332991e-09
2.008228e-09
2.775832e-09
3.623146e-09
4.540229e-09
5.518688e-09
6.551068e-09
7.630592e-09
8.751047e-09
9.906751e-09
1.109253e-08
1.230372e-08
1.353611e-08
1.478599e-08
1.605006e-08
1.732545e-08
1.860966e-08
1.990056e-08
2.119629e-08
2.249524e-08
2.379592e-08
2.509689e-08
2.639678e-08
2.769428e-08
2.898836e-08
3.027843e-08
3.156437e-08
3.284663e-08
3.412324e-08
0.000000e+00
1.064650e-10
4.250327e-10
8.943385e-10
1.476948e-09
2.153298e-09
2.912782e-09
3.747677e-09
4.651067e-09
5.616152e-09
6.636200e-09
7.704668e-09
8.815348e-09
9.962466e-09
1.114073e-08
1.234537e-08
1.357207e-08
1.481702e-08
1.607685e-08
1.734858e-08
1.862962e-08
1.991769e-08
2.121082e-08
2.250724e-08
2.380536e-08
2.510370e-08
2.640092e-08
2.769588e-08
2.898771e-08
3.027593e-08
3.156037e-08
3.284114e-08
3.411724e-08
0.000000e+00
1.801364e-10
5.779392e-10
1.093835e-09
1.687895e-09
2.356741e-09
3.100178e-09
3.916083e-09
4.800308e-09
5.747316e-09
6.750848e-09
7.804457e-09
8.901871e-09
1.003719e-08
1.120500e-08
1.240040e-08
1.361897e-08
1.485681e-08
1.611045e-08
1.737682e-08
1.865323e-08
1.993728e-08
2.122686e-08
2.252007e-08
2.381520e-08
2.511075e-08
2.640537e-08
2.769800e-08
2.898788e-08
3.027457e-08
3.155797e-08
3.283816e-08
3.411499e-08
0.000000e+00
3.257034e-10
8.387008e-10
1.391845e-09
1.980552e-09
2.628965e-09
3.346950e-09
4.136642e-09
4.995744e-09
5.919413e-09
6.901587e-09
7.935805e-09
9.015699e-09
1.013525e-08
1.128892e-08
1.247168e-08
1.367904e-08
1.490697e-08
1.615192e-08
1.741074e-08
1.868064e-08
1.995911e-08
2.124393e-08
2.253309e-08
2.382478e-08
2.511739e-08
2.640956e-08
2.770018e-08
2.898848e-08
3.027403e-08
3.155672e-08
3.283676e-08
3.411467e-08
0.000000e+00
6.051969e-10
1.263503e-09
1.812269e-09
2.372845e-09
2.986134e-09
3.668543e-09
4.424112e-09
5.251197e-09
6.145122e-09
7.099840e-09
8.108852e-09
9.165720e-09
1.026434e-08
1.139907e-08
1.256479e-08
1.375690e-08
1.497128e-08
1.620430e-08
1.745270e-08
1.871361e-08
1.998446e-08
2.126291e-08
2.254686e-08
2.383439e-08
2.512376e-08
2.641348e-08
2.770233e-08
2.898938e-08
3.027410e-08
3.155630e-08
3.283627e-08
3.411498e-08
0.000000e+00
1.044211e-09
1.744459e-09
2.270042e-09
2.792375e-09
3.366427e-09
4.010978e-09
4.731181e-09
5.525114e-09
6.388011e-09
7.313821e-09
8.296059e-09
9.328288e-09
1.040438e-08
1.151863e-08
1.266585e-08
1.384135e-08
1.504094e-08
1.626088e-08
1.749784e-08
1.874887e-08
2.001132e-08
2.128278e-08
2.256105e-08
2.384411e-08
2.513009e-08
2.641735e-08
2.770447e-08
2.899039e-08
3.027440e-08
3.155623e-08
3.283615e-08
3.411513e-08


2.481340e-01
2.481340e-01
2.481341e-01
2.481342e-01
2.481343e-01
2.481344e-01
2.481345e-01
2.481345e-01
2.481346e-01
2.481347e-01
2.481347e-01
2.481348e-01
2.481348e-01
2.481348e-01
2.481349e-01
2.481349e-01
2.481349e-01
2.481349e-01
2.481349e-01
2.481349e-01
2.481349e-01
2.481349e-01
2.481350e-01
2.481350e-01
2.481350e-01
2.481350e-01
2.481350e-01
2.481349e-01
2.481349e-01
2.481349e-01
2.481348e-01
2.481347e-01
2.481341e-01
2.481341e-01
2.481341e-01
2.481343e-01
2.481344e-01
2.481344e-01
2.481345e-01
2.481346e-01
2.481346e-01
2.481347e-01
2.481347e-01
2.481348e-01
2.481348e-01
2.481348e-01
2.481349e-01
2.481349e-01
2.481349e-01
2.481349e-01
2.481349e-01
2.481349e-01
2.481349e-01
2.481350e-01
2.481350e-01
2.481350e-01
2.481350e-01
2.481350e-01
2.481350e-01
2.481350e-01
2.481349e-01
2.481349e-01
2.481347e-01
2.481347e-01
2.481344e-01
2.481343e-01
2.481343e-01
2.481344e-01
2.481345e-01
2.481346e-01
2.481346e-01
2.481347e-01
2.481347e-01
2.481348e-01
2.481348e-01
2.481348e-01
2.481348e-01
2.481349e-01
2.481349e-01
2.481349e-01
2.481349e-01
2.481349e-01
2.481349e-01
2.481349e-01
2.481350e-01
2.481350e-01
2.481350e-01
2.481350e-01
2.481350e-01
2.481350e-01
2.481350e-01
2.481350e-01
2.481349e-01
2.481349e-01
2.481347e-01
2.481347e-01
2.481346e-01
2.481346e-01
2.481346e-01
2.481346e-01
2.481346e-01
2.481347e-01
2.481347e-01
2.481348e-01
2.481348e-01
2.481348e-01
2.481348e-01
2.481349e-01
2.481349e-01
2.481349e-01
2.481349e-01
2.481349e-01
2.481349e-01
2.481349e-01
2.481350e-01
2.481350e-01
2.481350e-01
2.481350e-01
2.481350e-01
2.481350e-01
2.481350e-01
2.481350e-01
2.481350e-01
2.481350e-01
2.481349e-01
2.481349e-01
2.481348e-01
2.481347e-01
2.481347e-01
2.481347e-01
2.481347e-01
2.481347e-01
2.481348e-01
2.481348e-01
2.481348e-01
2.481348e-01
2.481349e-01
2.481349e-01
2.481349e-01
2.481349e-01
2.481349e-01
2.481349e-01
2.481349e-01
2.481349e-01
2.481349e-01
2.481350e-01
2.481350e-01
2.481350e-01
2.481350e-01
2.481350e-01
2.481350e-01
2.481350e-01
2.481350e-01
2.481350e-01
2.481350e-01
2.481350e-01
2.481349e-01
2.481349e-01
2.481348e-01
2.481348e-01
2.481348e-01
2.481348e-01
2.481348e-01
2.481348e-01
2.481348e-01
2.481349e-01
2.481349e-01
2.481349e-01
2.481349e-01
2.481349e-01
2.481349e-01
2.481349e-01
2.481349e-01
2.481349e-01
2.481349e-01
2.481350e-01
2.481350e-01
2.481350e-01
2.481350e-01
2.481350e-01
2.481350e-01
2.481350e-01
2.481350e-01
2.481350e-01
2.481350e-01
2.481350e-01
2.481350e-01
2.481350e-01
2.481350e-01
2.481349e-01
2.481349e-01
2.481349e-01
2.481349e-01
2.481349e-01
2.481349e-01
2.481349e-01
2.481349e-01
2.481349e-01
2.481349e-01
2.481349e-01
2.481349e-01
2.481349e-01
2.481349e-01
2.481349e-01
2.481349e-01
2.481350e-01
2.481350e-01
2.481350e-01
2.481350e-01
2.481350e-01
2.481350e-01
2.481350e-01
2.481350e-01
2.481350e-01
2.481350e-01
2.481350e-01
2.481350e-01
2.481350e-01
2.481350e-01
2.481350e-01
2.481350e-01
2.481349e-01
2.481349e-01
2.481349e-01
2.481349e-01
2.481349e-01
2.481349e-01
2.481349e-01
2.481349e-01
2.481349e-01
2.481349e-01
2.481349e-01
2.481349e-01
2.481349e-01
2.481349e-01
2.481349e-01
2.481350e-01
2.481350e-01
2.481350e-01
2.481350e-01
2.481350e-01
2.481350e-01
2.481350e-01
2.481350e-01
2.481350e-01
2.481350e-01
2.481350e-01
2.481350e-01
2.481350e-01
2.481350e-01
2.481350e-01
2.481350e-01
2.481350e-01
2.481350e-01
2.481349e-01
2.481349e-01
2.481349e-01
2.481349e-01
2.481349e-01
2.481349e-01
2.481349e-01
2.481349e-01
2.481349e-01
2.481349e-01
2.481349e-01
2.481349e-01
2.481349e-01
2.481349e-01
2.481350e-01
2.481350e-01
2.481350e-01
2.481350e-01
2.481350e-01
2.481350e-01
2.481350e-01
2.481350e-01
2.481350e-01
2.481350e-01
2.481350e-01
2.481350e-01
2.481350e-01
2.481350e-01
2.481350e-01
2.481350e-01
2.481350e-01
2.481350e-01
2.481350e-01
2.481350e-01
2.481349e-01
2.481349e-01
2.481349e-01
2.481349e-01
2.481349e-01
2.481349e-01
2.481349e-01
2.481349e-01
2.481349e-01
2.481349e-01
2.481349e-01
2.481349e-01
2.481349e-01
2.481349e-01
2.481350e-01
2.481350e-01
2.481350e-01
2.481350e-01
2.481350e-01
2.481350e-01
2.481350e-01
2.481350e-01
2.481350e-01
2.481350e-01
2.481350e-01
2.481350e-01
2.481350e-01
2.481350e-01
2.481350e-01
2.481350e-01
2.481350e-01
2.481350e-01
2.481348e-01
2.481348e-01
2.481348e-01
2.481348e-01
2.481348e-01
2.481349e-01
2.481349e-01
2.481349e-01
2.481349e-01
2.481349e-01
2.481349e-01
2.481349e-01
2.481349e-01
2.481349e-01
2.481349e-01
2.481349e-01
2.481350e-01
2.481350e-01
2.481350e-01
2.481350e-01
2.481350e-01
2.481350e-01
2.481350e-01
2.481350e-01
2.481350e-01
2.481350e-01
2.481350e-01
2.481350e-01
2.481350e-01
2.481350e-01
2.481350e-01
2.481350e-01
2.481347e-01
2.481347e-01
2.481347e-01
2.481347e-01
2.481348e-01
2.481348e-01
2.481348e-01
2.481348e-01
2.481349e-01
2.481349e-01
2.481349e-01
2.481349e-01
2.481349e-01
2.481349e-01
2.481349e-01
2.481349e-01
2.481349e-01
2.481350e-01
2.481350e-01
2.481350e-01
2.481350e-01
2.481350e-01
2.481350e-01
2.481350e-01
2.481350e-01
2.481350e-01
2.481350e-01
2.481350e-01
2.481350e-01
2.481350e-01
2.481350e-01
2.481350e-01
2.481346e-01
2.481346e-01
2.481346e-01
2.481346e-01
2.481346e-01
2.481347e-01
2.481347e-01
2.481348e-01
2.481348e-01
2.481348e-01
2.481348e-01
2.481349e-01
2.481349e-01
2.481349e-01
2.481349e-01
2.481349e-01
2.481349e-01
2.481349e-01
2.481349e-01
2.481350e-01
2.481350e-01
2.481350e-01
2.481350e-01
2.481350e-01
2.481350e-01
2.481350e-01
2.481350e-01
2.481350e-01
2.481350e-01
2.481350e-01
2.481350e-01
2.481350e-01
2.481344e-01
2.481343e-01
2.481343e-01
2.481344e-01
2.481345e-01
2.481346e-01
2.481346e-01
2.481347e-01
2.481347e-01
2.481348e-01
2.481348e-01
2.481348e-01
2.481348e-01
2.481349e-01
2.481349e-01
2.481349e-01
2.481349e-01
2.481349e-01
2.481349e-01
2.481349e-01
2.481350e-01
2.481350e-01
2.481350e-01
2.481350e-01
2.481350e-01
2.481350e-01
2.481350e-01
2.481350e-01
2.481350e-01
2.481350e-01
2.481350e-01
2.481350e-01
2.481341e-01
2.481341e-01
2.481341e-01
2.481343e-01
2.481344e-01
2.481344e-01
2.481345e-01
2.481346e-01
2.481346e-01
2.481347e-01
2.481347e-01
2.481348e-01
2.481348e-01
2.481348e-01
2.481349e-01
2.481349e-01
2.481349e-01
2.481349e-01
2.481349e-01
2.481349e-01
2.481350e-01
2.481350e-01
2.481350e-01
2.481350e-01
2.481350e-01
2.481350e-01
2.481350e-01
2.481350e-01
2.481350e-01
2.481350e-01
2.481350e-01
2.481350e-01
2.481340e-01
2.481340e-01
2.481341e-01
2.481342e-01
2.481343e-01
2.481344e-01
2.481345e-01
2.481345e-01
2.481346e-01
2.481347e-01
2.481347e-01
2.481348e-01
2.481348e-01
2.481348e-01
2.481349e-01
2.481349e-01
2.481349e-01
2.481349e-01
2.481349e-01
2.481349e-01
2.481350e-01
2.481350e-01
2.481350e-01
2.481350e-01
2.481350e-01
2.481350e-01
2.481350e-01
2.481350e-01
2.481350e-01
2.481350e-01
2.481350e-01
2.481350e-01


9.768925e-01
9.808346e-01
9.833367e-01
9.847695e-01
9.859101e-01
9.869096e-01
9.878461e-01
9.887450e-01
9.896144e-01
9.904549e-01
9.912644e-01
9.920399e-01
9.927784e-01
9.934773e-01
9.941340e-01
9.947464e-01
9.953123e-01
9.958297e-01
9.962964e-01
9.967103e-01
9.970690e-01
9.973693e-01
9.976070e-01
9.977758e-01
9.978649e-01
9.978562e-01
9.977190e-01
9.974049e-01
9.968590e-01
9.961310e-01
9.957356e-01
9.900412e-01
9.879251e-01
9.862913e-01
9.870921e-01
9.881316e-01
9.890595e-01
9.898915e-01
9.906545e-01
9.913697e-01
9.920483e-01
9.926954e-01
9.933132e-01
9.939021e-01
9.944616e-01
9.949911e-01
9.954900e-01
9.959573e-01
9.963925e-01
9.967951e-01
9.971646e-01
9.975009e-01
9.978040e-01
9.980743e-01
9.983127e-01
9.985207e-01
9.987010e-01
9.988594e-01
9.990089e-01
9.991800e-01
9.994309e-01
9.997268e-01
9.983048e-01
9.771903e-01
9.924613e-01
9.914373e-01
9.910665e-01
9.913921e-01
9.919232e-01
9.924896e-01
9.930425e-01
9.935698e-01
9.940708e-01
9.945467e-01
9.949993e-01
9.954297e-01
9.958388e-01
9.962271e-01
9.965951e-01
9.969432e-01
9.972719e-01
9.975817e-01
9.978733e-01
9.981476e-01
9.984057e-01
9.986490e-01
9.988792e-01
9.990981e-01
9.993077e-01
9.995088e-01
9.996979e-01
9.998504e-01
9.998465e-01
9.991388e-01
9.954611e-01
9.792117e-01
9.953213e-01
9.946328e-01
9.942219e-01
9.941657e-01
9.943670e-01
9.946789e-01
9.950268e-01
9.953777e-01
9.957188e-01
9.960456e-01
9.963572e-01
9.966541e-01
9.969374e-01
9.972080e-01
9.974670e-01
9.977153e-01
9.979539e-01
9.981837e-01
9.984056e-01
9.986200e-01
9.988275e-01
9.990277e-01
9.992192e-01
9.993983e-01
9.995572e-01
9.996795e-01
9.997302e-01
9.996288e-01
9.991778e-01
9.978833e-01
9.945666e-01
9.887857e-01
9.972564e-01
9.967975e-01
9.964431e-01
9.962816e-01
9.962949e-01
9.964216e-01
9.966037e-01
9.968070e-01
9.970139e-01
9.972165e-01
9.974118e-01
9.975993e-01
9.977795e-01
9.979533e-01
9.981219e-01
9.982862e-01
9.984470e-01
9.986049e-01
9.987602e-01
9.989123e-01
9.990598e-01
9.991995e-01
9.993258e-01
9.994291e-01
9.994935e-01
9.994928e-01
9.993837e-01
9.990931e-01
9.984967e-01
9.973917e-01
9.956241e-01
9.933355e-01
9.985683e-01
9.982444e-01
9.979556e-01
9.977687e-01
9.976943e-01
9.977068e-01
9.977729e-01
9.978662e-01
9.979703e-01
9.980768e-01
9.981819e-01
9.982842e-01
9.983837e-01
9.984810e-01
9.985769e-01
9.986719e-01
9.987665e-01
9.988606e-01
9.989535e-01
9.990435e-01
9.991274e-01
9.992000e-01
9.992532e-01
9.992754e-01
9.992502e-01
9.991559e-01
9.989656e-01
9.986494e-01
9.981805e-01
9.975546e-01
9.967875e-01
9.958508e-01
9.993901e-01
9.991419e-01
9.988979e-01
9.987106e-01
9.985968e-01
9.985472e-01
9.985424e-01
9.985640e-01
9.985991e-01
9.986398e-01
9.986822e-01
9.987247e-01
9.987667e-01
9.988085e-01
9.988502e-01
9.988922e-01
9.989341e-01
9.989755e-01
9.990150e-01
9.990500e-01
9.990768e-01
9.990900e-01
9.990820e-01
9.990439e-01
9.989653e-01
9.988372e-01
9.986557e-01
9.984278e-01
9.981777e-01
9.979393e-01
9.977145e-01
9.973999e-01
9.997876e-01
9.995733e-01
9.993514e-01
9.991671e-01
9.990383e-01
9.989614e-01
9.989232e-01
9.989093e-01
9.989090e-01
9.989151e-01
9.989239e-01
9.989334e-01
9.989427e-01
9.989517e-01
9.989602e-01
9.989680e-01
9.989745e-01
9.989790e-01
9.989797e-01
9.989746e-01
9.989604e-01
9.989332e-01
9.988887e-01
9.988229e-01
9.987342e-01
9.986257e-01
9.985087e-01
9.984057e-01
9.983474e-01
9.983566e-01
9.984121e-01
9.984043e-01
9.997883e-01
9.995742e-01
9.993524e-01
9.991681e-01
9.990391e-01
9.989619e-01
9.989229e-01
9.989079e-01
9.989057e-01
9.989094e-01
9.989147e-01
9.989195e-01
9.989227e-01
9.989239e-01
9.989226e-01
9.989184e-01
9.989107e-01
9.988986e-01
9.988811e-01
9.988566e-01
9.988237e-01
9.987811e-01
9.987283e-01
9.986671e-01
9.986025e-01
9.985448e-01
9.985105e-01
9.985207e-01
9.985957e-01
9.987412e-01
9.989277e-01
9.990649e-01
9.993921e-01
9.991444e-01
9.989007e-01
9.987135e-01
9.985992e-01
9.985486e-01
9.985418e-01
9.985603e-01
9.985905e-01
9.986244e-01
9.986575e-01
9.986873e-01
9.987128e-01
9.987333e-01
9.987483e-01
9.987573e-01
9.987600e-01
9.987557e-01
9.987440e-01
9.987247e-01
9.986981e-01
9.986657e-01
9.986306e-01
9.985983e-01
9.985778e-01
9.985815e-01
9.986236e-01
9.987176e-01
9.988701e-01
9.990747e-01
9.993034e-01
9.994911e-01
9.985709e-01
9.982478e-01
9.979595e-01
9.977727e-01
9.976979e-01
9.977091e-01
9.977726e-01
9.978617e-01
9.979596e-01
9.980572e-01
9.981498e-01
9.982352e-01
9.983124e-01
9.983809e-01
9.984402e-01
9.984901e-01
9.985302e-01
9.985605e-01
9.985812e-01
9.985932e-01
9.985981e-01
9.985994e-01
9.986023e-01
9.986144e-01
9.986456e-01
9.987071e-01
9.988085e-01
9.989544e-01
9.991410e-01
9.993545e-01
9.995717e-01
9.997518e-01
9.972587e-01
9.968006e-01
9.964467e-01
9.962854e-01
9.962985e-01
9.964240e-01
9.966038e-01
9.968034e-01
9.970046e-01
9.971989e-01
9.973825e-01
9.975539e-01
9.977127e-01
9.978586e-01
9.979914e-01
9.981110e-01
9.982174e-01
9.983105e-01
9.983911e-01
9.984605e-01
9.985210e-01
9.985767e-01
9.986332e-01
9.986983e-01
9.987809e-01
9.988897e-01
9.990298e-01
9.992000e-01
9.993897e-01
9.995818e-01
9.997578e-01
9.998972e-01
9.953221e-01
9.946339e-01
9.942233e-01
9.941673e-01
9.943684e-01
9.946796e-01
9.950262e-01
9.953750e-01
9.957127e-01
9.960345e-01
9.963389e-01
9.966259e-01
9.968955e-01
9.971481e-01
9.973836e-01
9.976021e-01
9.978035e-01
9.979879e-01
9.981560e-01
9.983087e-01
9.984480e-01
9.985771e-01
9.987007e-01
9.988246e-01
9.989555e-01
9.990995e-01
9.992592e-01
9.994307e-01
9.996024e-01
9.997572e-01
9.998809e-01
9.999670e-01
9.924589e-01
9.914343e-01
9.910630e-01
9.913884e-01
9.919192e-01
9.924855e-01
9.930381e-01
9.935652e-01
9.940660e-01
9.945417e-01
9.949940e-01
9.954240e-01
9.958324e-01
9.962196e-01
9.965859e-01
9.969312e-01
9.972556e-01
9.975589e-01
9.978412e-01
9.981027e-01
9.983440e-01
9.985660e-01
9.987708e-01
9.989610e-01
9.991399e-01
9.993109e-01
9.994753e-01
9.996309e-01
9.997700e-01
9.998808e-01
9.999545e-01
9.999933e-01
9.879178e-01
9.862815e-01
9.870808e-01
9.881193e-01
9.890465e-01
9.898780e-01
9.906410e-01
9.913571e-01
9.920378e-01
9.926889e-01
9.933130e-01
9.939114e-01
9.944843e-01
9.950321e-01
9.955549e-01
9.960526e-01
9.965254e-01
9.969727e-01
9.973942e-01
9.977888e-01
9.981551e-01
9.984913e-01
9.987954e-01
9.990653e-01
9.992999e-01
9.994987e-01
9.996626e-01
9.997929e-01
9.998906e-01
9.999559e-01
9.999896e-01
9.999996e-01
9.768778e-01
9.808160e-01
9.833158e-01
9.847462e-01
9.858844e-01
9.868819e-01
9.878168e-01
9.887154e-01
9.895865e-01
9.904318e-01
9.912505e-01
9.920410e-01
9.928024e-01
9.935339e-01
9.942355e-01
9.949073e-01
9.955493e-01
9.961614e-01
9.967427e-01
9.972916e-01
9.978047e-01
9.982773e-01
9.987029e-01
9.990743e-01
9.993839e-01
9.996263e-01
9.998003e-01
9.999107e-01
9.999695e-01
9.999935e-01
9.999996e-01
9.999999e-01
1 2 35 34
2 3 36 35
3 4 37 36
4 5 38 37
5 6 39 38
6 7 40 39
7 8 41 40
8 9 42 41
9 10 43 42
10 11 44 43
11 12 45 44
12 13 46 45
13 14 47 46
14 15 48 47
15 16 49 48
16 17 50 49
17 18 51 50
18 19 52 51
19 20 53 52
20 21 54 53
21 22 55 54
22 23 56 55
23 24 57 56
24 25 58 57
25 26 59 58
26 27 60 59
27 28 61 60
28 29 62 61
29 30 63 62
30 31 64 63
31 32 65 64
32 33 66 65
34 35 68 67
35 36 69 68
36 37 70 69
37 38 71 70
38 39 72 71
39 40 73 72
40 41 74 73
41 42 75 74
42 43 76 75
43 44 77 76
44 45 78 77
45 46 79 78
46 47 80 79
47 48 81 80
48 49 82 81
49 50 83 82
50 51 84 83
51 52 85 84
52 53 86 85
53 54 87 86
54 55 88 87
55 56 89 88
56 57 90 89
57 58 91 90
58 59 92 91
59 60 93 92
60 61 94 93
61 62 95 94
62 63 96 95
63 64 97 96
64 65 98 97
65 66 99 98
67 68 101 100
68 69 102 101
69 70 103 102
70 71 104 103
71 72 105 104
72 73 106 105
73 74 107 106
74 75 108 107
75 76 109 108
76 77 110 109
77 78 111 110
78 79 112 111
79 80 113 112
80 81 114 113
81 82 115 114
82 83 116 115
83 84 117 116
84 85 118 117
85 86 119 118
86 87 120 119
87 88 121 120
88 89 122 121
89 90 123 122
90 91 124 123
91 92 125 124
92 93 126 125
93 94 127 126
94 95 128 127
95 96 129 128
96 97 130 129
97 98 131 130
98 99 132 131
100 101 134 133
101 102 135 134
102 103 136 135
103 104 137 136
104 105 138 137
105 106 139 138
106 107 140 139
107 108 141 140
108 109 142 141
109 110 143 142
110 111 144 143
111 112 145 144
112 113 146 145
113 114 147 146
114 115 148 147
115 116 149 148
116 117 150 149
117 118 151 150
118 119 152 151
119 120 153 152
120 121 154 153
121 122 155 154
122 123 156 155
123 124 157 156
124 125 158 157
125 126 159 158
126 127 160 159
127 128 161 160
128 129 162 161
129 130 163 162
130 131 164 163
131 132 165 164
133 134 167 166
134 135 168 167
135 136 169 168
136 137 170 169
137 138 171 170
138 139 172 171
139 140 173 172
140 141 174 173
141 142 175 174
142 143 176 175
143 144 177 176
144 145 178 177
145 146 179 178
146 147 180 179
147 148 181 180
148 149 182 181
149 150 183 182
150 151 184 183
151 152 185 184
152 153 186 185
153 154 187 186
154 155 188 187
155 156 189 188
156 157 190 189
157 158 191 190
158 159 192 191
159 160 193 192
160 161 194 193
161 162 195 194
162 163 196 195
163 164 197 196
164 165 198 197
166 167 200 199
167 168 201 200
168 169 202 201
169 170 203 202
170 171 204 203
171 172 205 204
172 173 206 205
173 174 207 206
174 175 208 207
175 176 209 208
176 177 210 209
177 178 211 210
178 179 212 211
179 180 213 212
180 181 214 213
181 182 215 214
182 183 216 215
183 184 217 216
184 185 218 217
185 186 219 218
186 187 220 219
187 188 221 220
188 189 222 221
189 190 223 222
190 191 224 223
191 192 225 224
192 193 226 225
193 194 227 226
194 195 228 227
195 196 229 228
196 197 230 229
197 198 231 230
199 200 233 232
200 201 234 233
201 202 235 234
202 203 236 235
203 204 237 236
204 205 238 237
205 206 239 238
206 207 240 239
207 208 241 240
208 209 242 241
209 210 243 242
210 211 244 243
211 212 245 244
212 213 246 245
213 214 247 246
214 215 248 247
215 216 249 248
216 217 250 249
217 218 251 250
218 219 252 251
219 220 253 252
220 221 254 253
221 222 255 254
222 223 256 255
223 224 257 256
224 225 258 257
225 226 259 258
226 227 260 259
227 228 261 260
228 229 262 261
229 230 263 262
230 231 264 263
232 233 266 265
233 234 267 266
234 235 268 267
235 236 269 268
236 237 270 269
237 238 271 270
238 239 272 271
239 240 273 272
240 241 274 273
241 242 275 274
242 243 276 275
243 244 277 276
244 245 278 277
245 246 279 278
246 247 280 279
247 248 281 280
248 249 282 281
249 250 283 282
250 251 284 283
251 252 285 284
252 253 286 285
253 254 287 286
254 255 288 287
255 256 289 288
256 257 290 289
257 258 291 290
258 259 292 291
259 260 293 292
260 261 294 293
261 262 295 294
262 263 296 295
263 264 297 296
265 266 299 298
266 267 300 299
267 268 301 300
268 269 302 301
269 270 303 302
270 271 304 303
271 272 305 304
272 273 306 305
273 274 307 306
274 275 308 307
275 276 309 308
276 277 310 309
277 278 311 310
278 279 312 311
279 280 313 312
280 281 314 313
281 282 315 314
282 283 316 315
283 284 317 316
284 285 318 317
285 286 319 318
286 287 320 319
287 288 321 320
288 289 322 321
289 290 323 322
290 291 324 323
291 292 325 324
292 293 326 325
293 294 327 326
294 295 328 327
295 296 329 328
296 297 330 329
298 299 332 331
299 300 333 332
300 301 334 333
301 302 335 334
302 303 336 335
303 304 337 336
304 305 338 337
305 306 339 338
306 307 340 339
307 308 341 340
308 309 342 341
309 310 343 342
310 311 344 343
311 312 345 344
312 313 346 345
313 314 347 346
314 315 348 347
315 316 349 348
316 317 350 349
317 318 351 350
318 319 352 351
319 320 353 352
320 321 354 353
321 322 355 354
322 323 356 355
323 324 357 356
324 325 358 357
325 326 359 358
326 327 360 359
327 328 361 360
328 329 362 361
329 330 363 362
331 332 365 364
332 333 366 365
333 334 367 366
334 335 368 367
335 336 369 368
336 337 370 369
337 338 371 370
338 339 372 371
339 340 373 372
340 341 374 373
341 342 375 374
342 343 376 375
343 344 377 376
344 345 378 377
345 346 379 378
346 347 380 379
347 348 381 380
348 349 382 381
349 350 383 382
350 351 384 383
351 352 385 384
352 353 386 385
353 354 387 386
354 355 388 387
355 356 389 388
356 357 390 389
357 358 391 390
358 359 392 391
359 360 393 392
360 361 394 393
361 362 395 394
362 363 396 395
364 365 398 397
365 366 399 398
366 367 400 399
367 368 401 400
368 369 402 401
369 370 403 402
370 371 404 403
371 372 405 404
372 373 406 405
373 374 407 406
374 375 408 407
375 376 409 408
376 377 410 409
377 378 411 410
378 379 412 411
379 380 413 412
380 381 414 413
381 382 415 414
382 383 416 415
383 384 417 416
384 385 418 417
385 386 419 418
386 387 420 419
387 388 421 420
388 389 422 421
389 390 423 422
390 391 424 423
391 392 425 424
392 393 426 425
393 394 427 426
394 395 428 427
395 396 429 428
397 398 431 430
398 399 432 431
399 400 433 432
400 401 434 433
401 402 435 434
402 403 436 435
403 404 437 436
404 405 438 437
405 406 439 438
406 407 440 439
407 408 441 440
408 409 442 441
409 410 443 442
410 411 444 443
411 412 445 444
412 413 446 445
413 414 447 446
414 415 448 447
415 416 449 448
416 417 450 449
417 418 451 450
418 419 452 451
419 420 453 452
420 421 454 453
421 422 455 454
422 423 456 455
423 424 457 456
424 425 458 457
425 426 459 458
426 427 460 459
427 428 461 460
428 429 462 461
430 431 464 463
431 432 465 464
432 433 466 465
433 434 467 466
434 435 468 467
435 436 469 468
436 437 470 469
437 438 471 470
438 439 472 471
439 440 473 472
440 441 474 473
441 442 475 474
442 443 476 475
443 444 477 476
444 445 478 477
445 446 479 478
446 447 480 479
447 448 481 480
448 449 482 481
449 450 483 482
450 451 484 483
451 452 485 484
452 453 486 485
453 454 487 486
454 455 488 487
455 456 489 488
456 457 490 489
457 458 491 490
458 459 492 491
459 460 493 492
460 461 494 493
461 462 495 494
463 464 497 496
464 465 498 497
465 466 499 498
466 467 500 499
467 468 501 500
468 469 502 501
469 470 503 502
470 471 504 503
471 472 505 504
472 473 506 505
473 474 507 506
474 475 508 507
475 476 509 508
476 477 510 509
477 478 511 510
478 479 512 511
479 480 513 512
480 481 514 513
481 482 515 514
482 483 516 515
483 484 517 516
484 485 518 517
485 486 519 518
486 487 520 519
487 488 521 520
488 489 522 521
489 490 523 522
490 491 524 523
491 492 525 524
492 493 526 525
493 494 527 526
494 495 528 527
496 497 530 529
497 498 531 530
498 499 532 531
499 500 533 532
500 501 534 533
501 502 535 534
502 503 536 535
503 504 537 536
504 505 538 537
505 506 539 538
506 507 540 539
507 508 541 540
508 509 542 541
509 510 543 542
510 511 544 543
511 512 545 544
512 513 546 545
513 514 547 546
514 515 548 547
515 516 549 548
516 517 550 549
517 518 551 550
518 519 552 551
519 520 553 552
520 521 554 553
521 522 555 554
522 523 556 555
523 524 557 556
524 525 558 557
525 526 559 558
526 527 560 559
527 528 561 560
