# Kona Param. Contn. convergence history (opt tol = 1.448284e-06 | feas tol = 2.256700e-05)
# outer     inner      cost      objective     lagrangian       opt 2norm     S*Lam 2norm      feas 2norm       homotopy        hom opt       hom feas     mu               opt infty     S*Lam infty      feas infty     
      0         0         1      1.384e+02      1.384e+02     1.4483e+01     0.0000e+00     2.2567e+02     0.0000e+00     0.0000e+00     0.0000e+00     1.0000          1.3083e+00     0.0000e+00     1.0190e+01     

      1         0         8      3.063e+01      2.701e+04     1.0532e+02     1.1975e+03     2.2526e+02      1.098e+04     6.3787e+02     6.3330e+01     4.693469e-01          1.6496e+01     5.4076e+01     1.0150e+01     
      1         1        19      9.624e+01      4.607e+03     5.1799e+01     3.3651e+02     6.1867e+01      5.204e+03     1.2515e+02     2.9072e+00     4.693469e-01          8.0741e+00     1.5787e+01     3.3021e+00     

      2         0        61     -3.881e+01      7.973e+02     2.9143e+01     1.0480e+02     1.8252e+01      5.372e+03     1.3678e+01     4.3133e+00     3.392345e-01          4.3070e+00     4.9713e+00     1.4705e+00     
      2         1        92     -9.245e+01      7.487e+02     2.5489e+01     8.7162e+01     2.0777e+01      5.463e+03     4.7758e-01     9.2399e-02     3.392345e-01          3.6658e+00     4.3687e+00     1.5200e+00     

      3         0       119     -1.774e+02      6.081e+01     1.7183e+01     4.9093e+01     7.1803e+00      3.823e+03     2.2743e+00     2.7127e+00     2.199659e-01          2.2295e+00     2.4482e+00     8.0048e-01     
      3         1       162     -2.252e+02      8.743e+01     1.6899e+01     4.9976e+01     9.3828e+00      3.807e+03     1.0212e-01     4.2986e-02     2.199659e-01          2.2096e+00     2.5936e+00     8.8179e-01     

      4         0       201     -3.255e+02     -2.054e+02     1.2042e+01     3.1204e+01     4.2202e+00      2.542e+03     9.8373e-01     8.3498e-01     1.470968e-01          1.4012e+00     1.6040e+00     5.3608e-01     
      4         1       244     -3.573e+02     -2.194e+02     1.1967e+01     3.1401e+01     4.8769e+00      2.547e+03     8.2162e-02     6.9712e-02     1.470968e-01          1.4003e+00     1.6398e+00     5.6164e-01     

      5         0       287     -4.824e+02     -4.413e+02     8.0732e+00     1.7576e+01     1.7772e+00      1.310e+03     1.0779e+00     6.2957e-01     8.430389e-02          8.6617e-01     9.2276e-01     3.1884e-01     
      5         1       330     -5.206e+02     -4.705e+02     7.7392e+00     1.7211e+01     2.1642e+00      1.317e+03     1.8389e-01     1.4516e-01     8.430389e-02          8.4892e-01     9.0541e-01     3.3092e-01     

      6         0       416     -6.538e+02     -6.499e+02     4.3407e+00     7.0804e+00     5.9925e-01      7.849e+01     1.7420e+00     6.7783e-01     3.017482e-02          3.8712e-01     3.9523e-01     1.4536e-01     
      6         1       459     -6.980e+02     -6.874e+02     3.5042e+00     6.0722e+00     6.4085e-01      7.707e+01     4.1153e-01     3.0067e-01     3.017482e-02          3.3946e-01     3.4495e-01     1.6587e-01     

      7         0       545     -7.599e+02     -7.598e+02     1.4672e+00     1.8828e+00     5.2932e-01     -6.127e+02     1.2567e+00     5.3287e-01     5.165365e-03          2.2183e-01     1.1077e-01     1.0573e-01     
      7         1       588     -7.705e+02     -7.701e+02     8.5191e-01     1.2287e+00     5.1444e-01     -6.175e+02     3.9963e-01     5.1538e-01     5.165365e-03          1.7784e-01     7.7226e-02     1.2079e-01     

      8         0       674     -7.758e+02     -7.736e+02     6.0353e-01     8.6327e-01     4.4608e-01     -6.709e+02     3.3395e-01     4.3121e-01     3.417990e-03          7.1692e-02     5.4150e-02     1.1474e-01     
      8         1       717     -7.767e+02     -7.747e+02     5.1319e-01     8.2327e-01     4.1002e-01     -6.713e+02     2.1284e-01     3.9568e-01     3.417990e-03          5.0813e-02     6.9370e-02     1.1196e-01     

      9         0       803     -7.778e+02     -7.749e+02     4.6227e-01     7.5392e-01     3.6448e-01     -6.782e+02     1.9638e-01     3.4077e-01     3.182941e-03          6.2895e-02     5.2356e-02     1.1501e-01     
      9         1       846     -7.780e+02     -7.750e+02     4.4368e-01     7.3613e-01     3.4303e-01     -6.782e+02     1.5791e-01     3.1709e-01     3.182941e-03          3.9623e-02     4.9269e-02     1.1764e-01     

     10         0       932     -7.788e+02     -7.754e+02     3.9589e-01     6.6895e-01     3.2887e-01     -6.879e+02     1.5842e-01     3.0061e-01     2.863281e-03          3.5968e-02     3.9894e-02     1.1876e-01     
     10         1       975     -7.790e+02     -7.756e+02     3.8282e-01     6.5687e-01     3.1718e-01     -6.880e+02     1.2635e-01     2.8794e-01     2.863281e-03          3.3198e-02     3.9336e-02     1.2036e-01     

     11         0      1061     -7.789e+02     -7.751e+02     3.7753e-01     6.5325e-01     3.0574e-01     -6.881e+02     1.2787e-01     2.7262e-01     2.845478e-03          3.2817e-02     4.2123e-02     1.1911e-01     
     11         1      1104     -7.789e+02     -7.751e+02     3.7350e-01     6.4680e-01     3.0160e-01     -6.881e+02     1.1427e-01     2.6727e-01     2.845478e-03          3.1837e-02     4.5806e-02     1.1838e-01     

     12         0      1190     -7.792e+02     -7.752e+02     3.4210e-01     5.9165e-01     2.9825e-01     -6.994e+02     1.3887e-01     2.6637e-01     2.474444e-03          3.1463e-02     3.6979e-02     1.1763e-01     
     12         1      1233     -7.796e+02     -7.756e+02     3.2813e-01     5.7012e-01     2.9865e-01     -6.996e+02     1.0909e-01     2.6709e-01     2.474444e-03          2.8327e-02     3.6234e-02     1.2143e-01     

     13         0      1319     -7.794e+02     -7.751e+02     3.1473e-01     5.5166e-01     2.8940e-01     -7.053e+02     1.3651e-01     2.5667e-01     2.273448e-03          2.9456e-02     3.2096e-02     1.1746e-01     
     13         1      1362     -7.799e+02     -7.757e+02     3.0064e-01     5.2337e-01     2.9378e-01     -7.057e+02     9.8915e-02     2.6240e-01     2.273448e-03          2.6090e-02     2.9537e-02     1.2244e-01     

     14         0      1448     -7.795e+02     -7.749e+02     2.8968e-01     5.0949e-01     2.8235e-01     -7.118e+02     1.3666e-01     2.5003e-01     2.054085e-03          2.8439e-02     2.9407e-02     1.1698e-01     
     14         1      1491     -7.801e+02     -7.756e+02     2.7062e-01     4.7728e-01     2.8604e-01     -7.123e+02     9.0839e-02     2.5473e-01     2.054085e-03          2.3375e-02     2.8264e-02     1.2320e-01     

     15         0      1577     -7.797e+02     -7.749e+02     2.6436e-01     4.7336e-01     2.7469e-01     -7.174e+02     1.2949e-01     2.4288e-01     1.866083e-03          2.6038e-02     2.8301e-02     1.1762e-01     
     15         1      1620     -7.802e+02     -7.755e+02     2.4714e-01     4.3874e-01     2.7959e-01     -7.179e+02     8.9667e-02     2.4867e-01     1.866083e-03          2.2086e-02     2.9061e-02     1.2344e-01     

     16         0      1706     -7.797e+02     -7.748e+02     2.4380e-01     4.3558e-01     2.6785e-01     -7.224e+02     1.2500e-01     2.3735e-01     1.701877e-03          2.4824e-02     2.7085e-02     1.1749e-01     
     16         1      1749     -7.803e+02     -7.754e+02     2.2716e-01     4.0437e-01     2.7272e-01     -7.228e+02     9.0477e-02     2.4307e-01     1.701877e-03          2.0958e-02     2.5423e-02     1.2295e-01     

     17         0      1835     -7.800e+02     -7.750e+02     2.2468e-01     4.0332e-01     2.6549e-01     -7.257e+02     1.1088e-01     2.3584e-01     1.593791e-03          2.2720e-02     2.5032e-02     1.1946e-01     
     17         1      1878     -7.803e+02     -7.754e+02     2.1518e-01     3.8300e-01     2.6933e-01     -7.260e+02     9.0107e-02     2.4048e-01     1.593791e-03          2.0388e-02     2.5057e-02     1.2307e-01     

     18         0      1964     -7.799e+02     -7.748e+02     2.1386e-01     3.8828e-01     2.6191e-01     -7.283e+02     1.1015e-01     2.3304e-01     1.504291e-03          2.1755e-02     2.3913e-02     1.1836e-01     
     18         1      2007     -7.803e+02     -7.753e+02     2.0360e-01     3.6392e-01     2.6535e-01     -7.287e+02     8.5661e-02     2.3737e-01     1.504291e-03          1.9340e-02     2.4107e-02     1.2267e-01     

     19         0      2093     -7.801e+02     -7.749e+02     2.0461e-01     3.6838e-01     2.6023e-01     -7.285e+02     9.3425e-02     2.3109e-01     1.500359e-03          2.0277e-02     2.3210e-02     1.1999e-01     
     19         1      2136     -7.801e+02     -7.749e+02     2.0145e-01     3.6469e-01     2.5913e-01     -7.285e+02     8.7026e-02     2.2983e-01     1.500359e-03          1.9230e-02     2.2928e-02     1.2023e-01     

     20         0      2222     -7.800e+02     -7.749e+02     1.9789e-01     3.5419e-01     2.5805e-01     -7.318e+02     9.7942e-02     2.3064e-01     1.393378e-03          2.0165e-02     2.0961e-02     1.1970e-01     
     20         1      2265     -7.803e+02     -7.752e+02     1.9211e-01     3.4185e-01     2.6122e-01     -7.320e+02     8.4405e-02     2.3441e-01     1.393378e-03          1.8713e-02     2.0718e-02     1.2214e-01     

     21         0      2351     -7.801e+02     -7.748e+02     1.9128e-01     3.4339e-01     2.5729e-01     -7.325e+02     9.3431e-02     2.2990e-01     1.367734e-03          1.9347e-02     1.9764e-02     1.1989e-01     
     21         1      2394     -7.802e+02     -7.750e+02     1.8585e-01     3.3538e-01     2.5807e-01     -7.326e+02     8.1175e-02     2.3086e-01     1.367734e-03          1.7740e-02     2.0092e-02     1.2123e-01     

     22         0      2480     -7.799e+02     -7.746e+02     1.8668e-01     3.3316e-01     2.5231e-01     -7.348e+02     1.0122e-01     2.2575e-01     1.283826e-03          2.0080e-02     2.2291e-02     1.1792e-01     
     22         1      2523     -7.802e+02     -7.750e+02     1.7627e-01     3.1803e-01     2.5682e-01     -7.352e+02     7.9141e-02     2.3104e-01     1.283826e-03          1.7122e-02     2.0652e-02     1.2165e-01     

     23         0      2609     -7.800e+02     -7.747e+02     1.7682e-01     3.1938e-01     2.5233e-01     -7.354e+02     8.8550e-02     2.2575e-01     1.268470e-03          1.8201e-02     2.5059e-02     1.1929e-01     
     23         1      2652     -7.801e+02     -7.747e+02     1.7315e-01     3.1421e-01     2.5306e-01     -7.354e+02     7.9447e-02     2.2673e-01     1.268470e-03          1.7094e-02     2.1535e-02     1.2009e-01     

     24         0      2738     -7.800e+02     -7.746e+02     1.7210e-01     3.0697e-01     2.5102e-01     -7.373e+02     8.9331e-02     2.2572e-01     1.203410e-03          1.8274e-02     1.8912e-02     1.1905e-01     
     24         1      2781     -7.802e+02     -7.748e+02     1.6705e-01     2.9760e-01     2.5321e-01     -7.375e+02     7.8772e-02     2.2827e-01     1.203410e-03          1.7137e-02     1.9067e-02     1.2094e-01     

     25         0      2867     -7.799e+02     -7.743e+02     1.6568e-01     3.0696e-01     2.4816e-01     -7.378e+02     8.6962e-02     2.2244e-01     1.179038e-03          1.6775e-02     1.9134e-02     1.1756e-01     
     25         1      2910     -7.800e+02     -7.745e+02     1.6308e-01     2.9456e-01     2.4883e-01     -7.380e+02     7.8053e-02     2.2338e-01     1.179038e-03          1.6807e-02     2.2441e-02     1.1929e-01     

     26         0      2996     -7.797e+02     -7.742e+02     1.5814e-01     2.8632e-01     2.4440e-01     -7.400e+02     8.9355e-02     2.1994e-01     1.104123e-03          1.6870e-02     2.2573e-02     1.1631e-01     
     26         1      3039     -7.798e+02     -7.743e+02     1.5412e-01     2.7806e-01     2.4472e-01     -7.401e+02     7.6589e-02     2.2038e-01     1.104123e-03          1.5978e-02     1.9930e-02     1.1789e-01     

     27         0      3125     -7.799e+02     -7.744e+02     1.5127e-01     2.7115e-01     2.4393e-01     -7.414e+02     7.8235e-02     2.2031e-01     1.061650e-03          1.5922e-02     1.9040e-02     1.1815e-01     
     27         1      3168     -7.799e+02     -7.743e+02     1.5121e-01     2.7128e-01     2.4332e-01     -7.414e+02     7.8785e-02     2.1956e-01     1.061650e-03          1.5954e-02     1.8893e-02     1.1802e-01     

     28         0      3254     -7.798e+02     -7.742e+02     1.4869e-01     2.6572e-01     2.4228e-01     -7.418e+02     8.1016e-02     2.1859e-01     1.044450e-03          1.6090e-02     1.8555e-02     1.1744e-01     
     28         1      3297     -7.798e+02     -7.742e+02     1.4551e-01     2.6598e-01     2.4205e-01     -7.418e+02     7.3533e-02     2.1826e-01     1.044450e-03          1.4848e-02     1.8294e-02     1.1762e-01     

     29         0      3383     -7.797e+02     -7.741e+02     1.4633e-01     2.6234e-01     2.4020e-01     -7.428e+02     8.1753e-02     2.1688e-01     1.010648e-03          1.6052e-02     1.9079e-02     1.1670e-01     
     29         1      3426     -7.798e+02     -7.742e+02     1.4033e-01     2.5498e-01     2.4093e-01     -7.428e+02     7.4305e-02     2.1760e-01     1.010648e-03          1.4741e-02     2.0527e-02     1.1749e-01     

     30         0      3512     -7.797e+02     -7.740e+02     1.4001e-01     2.5401e-01     2.3861e-01     -7.434e+02     7.7170e-02     2.1542e-01     9.880727e-04          1.5211e-02     2.0674e-02     1.1656e-01     
     30         1      3555     -7.797e+02     -7.740e+02     1.3975e-01     2.5439e-01     2.3790e-01     -7.433e+02     7.7177e-02     2.1449e-01     9.880727e-04          1.5191e-02     1.9734e-02     1.1605e-01     

     31         0      3641     -7.797e+02     -7.740e+02     1.3523e-01     2.4793e-01     2.3718e-01     -7.443e+02     7.6640e-02     2.1440e-01     9.550556e-04          1.4481e-02     1.9284e-02     1.1619e-01     
     31         1      3684     -7.797e+02     -7.739e+02     1.3560e-01     2.4520e-01     2.3637e-01     -7.443e+02     7.4885e-02     2.1343e-01     9.550556e-04          1.4862e-02     1.9601e-02     1.1598e-01     

     32         0      3770     -7.796e+02     -7.738e+02     1.3407e-01     2.4489e-01     2.3531e-01     -7.451e+02     7.9366e-02     2.1275e-01     9.273746e-04          1.4779e-02     1.9029e-02     1.1498e-01     
     32         1      3813     -7.798e+02     -7.740e+02     1.3007e-01     2.3512e-01     2.3657e-01     -7.452e+02     6.9703e-02     2.1419e-01     9.273746e-04          1.4032e-02     1.9028e-02     1.1680e-01     

     33         0      3899     -7.795e+02     -7.736e+02     1.3272e-01     2.4250e-01     2.3221e-01     -7.454e+02     8.1466e-02     2.0942e-01     9.108617e-04          1.5074e-02     1.9055e-02     1.1355e-01     
     33         1      3942     -7.797e+02     -7.739e+02     1.2632e-01     2.2964e-01     2.3509e-01     -7.456e+02     6.6033e-02     2.1274e-01     9.108617e-04          1.3436e-02     1.9316e-02     1.1651e-01     

     34         0      4028     -7.794e+02     -7.735e+02     1.2876e-01     2.3565e-01     2.3058e-01     -7.459e+02     7.8579e-02     2.0787e-01     8.923372e-04          1.4653e-02     1.9234e-02     1.1311e-01     
     34         1      4071     -7.796e+02     -7.737e+02     1.2424e-01     2.2655e-01     2.3268e-01     -7.460e+02     6.6883e-02     2.1030e-01     8.923372e-04          1.3395e-02     1.8948e-02     1.1530e-01     

     35         0      4157     -7.794e+02     -7.733e+02     1.2524e-01     2.3026e-01     2.2912e-01     -7.466e+02     7.7414e-02     2.0674e-01     8.625270e-04          1.4201e-02     1.8119e-02     1.1235e-01     
     35         1      4200     -7.795e+02     -7.735e+02     1.2211e-01     2.2299e-01     2.3043e-01     -7.468e+02     6.9046e-02     2.0827e-01     8.625270e-04          1.3494e-02     1.8467e-02     1.1396e-01     

     36         0      4286     -7.794e+02     -7.734e+02     1.2114e-01     2.2039e-01     2.2928e-01     -7.474e+02     7.3638e-02     2.0750e-01     8.374487e-04          1.3673e-02     1.7037e-02     1.1294e-01     
     36         1      4329     -7.795e+02     -7.734e+02     1.1964e-01     2.1633e-01     2.2902e-01     -7.475e+02     6.9176e-02     2.0719e-01     8.374487e-04          1.3531e-02     1.7599e-02     1.1337e-01     

     37         0      4415     -7.793e+02     -7.732e+02     1.1937e-01     2.1531e-01     2.2681e-01     -7.480e+02     7.4009e-02     2.0514e-01     8.171457e-04          1.3797e-02     1.9299e-02     1.1201e-01     
     37         1      4458     -7.794e+02     -7.733e+02     1.1791e-01     2.1146e-01     2.2727e-01     -7.480e+02     6.9920e-02     2.0566e-01     8.171457e-04          1.3595e-02     1.8370e-02     1.1271e-01     

     38         0      4544     -7.792e+02     -7.730e+02     1.1566e-01     2.0826e-01     2.2501e-01     -7.484e+02     7.2816e-02     2.0335e-01     7.957636e-04          1.3621e-02     1.6827e-02     1.1080e-01     
     38         1      4587     -7.793e+02     -7.731e+02     1.1432e-01     2.0553e-01     2.2484e-01     -7.485e+02     6.7915e-02     2.0323e-01     7.957636e-04          1.3278e-02     1.2268e-02     1.1128e-01     

     39         0      4673     -7.792e+02     -7.730e+02     1.1184e-01     2.0255e-01     2.2433e-01     -7.486e+02     6.6312e-02     2.0276e-01     7.881004e-04          1.2790e-02     1.4147e-02     1.1062e-01     
     39         1      4716     -7.792e+02     -7.729e+02     1.1209e-01     2.0509e-01     2.2263e-01     -7.485e+02     6.7103e-02     2.0074e-01     7.881004e-04          1.2874e-02     1.3317e-02     1.0997e-01     

     40         0      4802     -7.790e+02     -7.725e+02     1.0545e-01     1.9344e-01     2.1939e-01     -7.500e+02     7.0091e-02     1.9815e-01     7.281224e-04          1.2165e-02     1.5331e-02     1.0781e-01     
     40         1      4845     -7.789e+02     -7.725e+02     1.0576e-01     1.9167e-01     2.1678e-01     -7.500e+02     6.5225e-02     1.9534e-01     7.281224e-04          1.2337e-02     9.8257e-03     1.0740e-01     

     41         0      4931     -7.790e+02     -7.725e+02     1.0309e-01     1.8254e-01     2.1685e-01     -7.514e+02     6.6301e-02     1.9673e-01     6.827775e-04          1.2253e-02     1.0471e-02     1.0775e-01     
     41         1      4974     -7.790e+02     -7.725e+02     1.0231e-01     1.8266e-01     2.1651e-01     -7.514e+02     6.4972e-02     1.9630e-01     6.827775e-04          1.2026e-02     9.5274e-03     1.0771e-01     

     42         0      5060     -7.790e+02     -7.725e+02     1.0049e-01     1.7879e-01     2.1647e-01     -7.515e+02     6.3376e-02     1.9632e-01     6.787476e-04          1.1868e-02     1.0379e-02     1.0795e-01     
     42         1      5103     -7.789e+02     -7.724e+02     1.0137e-01     1.8154e-01     2.1503e-01     -7.514e+02     6.6136e-02     1.9465e-01     6.787476e-04          1.2070e-02     9.6866e-03     1.0687e-01     

     43         0      5189     -7.789e+02     -7.724e+02     9.8283e-02     1.7622e-01     2.1512e-01     -7.518e+02     6.3144e-02     1.9504e-01     6.651629e-04          1.1643e-02     1.2632e-02     1.0745e-01     
     43         1      5232     -7.789e+02     -7.723e+02     9.8846e-02     1.7637e-01     2.1397e-01     -7.518e+02     6.3992e-02     1.9379e-01     6.651629e-04          1.1809e-02     9.3875e-03     1.0680e-01     

     44         0      5318     -7.789e+02     -7.723e+02     9.6900e-02     1.7612e-01     2.1400e-01     -7.520e+02     6.3419e-02     1.9401e-01     6.568746e-04          1.1325e-02     1.1478e-02     1.0679e-01     
     44         1      5361     -7.789e+02     -7.723e+02     9.6196e-02     1.7572e-01     2.1326e-01     -7.520e+02     6.2757e-02     1.9314e-01     6.568746e-04          1.1209e-02     1.0097e-02     1.0661e-01     

     45         0      5447     -7.788e+02     -7.722e+02     9.5397e-02     1.7651e-01     2.1278e-01     -7.522e+02     6.3511e-02     1.9284e-01     6.492173e-04          1.0953e-02     9.5907e-03     1.0630e-01     
     45         1      5490     -7.789e+02     -7.722e+02     9.4484e-02     1.7387e-01     2.1310e-01     -7.522e+02     6.0943e-02     1.9314e-01     6.492173e-04          1.0809e-02     1.1152e-02     1.0673e-01     

     46         0      5576     -7.787e+02     -7.720e+02     9.1501e-02     1.7206e-01     2.1125e-01     -7.523e+02     6.1338e-02     1.9116e-01     6.419393e-04          1.0391e-02     1.5428e-02     1.0545e-01     
     46         1      5619     -7.787e+02     -7.720e+02     9.1405e-02     1.6997e-01     2.0964e-01     -7.522e+02     5.8546e-02     1.8933e-01     6.419393e-04          1.0445e-02     1.1879e-02     1.0538e-01     

     47         0      5705     -7.786e+02     -7.719e+02     9.1418e-02     1.7546e-01     2.0782e-01     -7.528e+02     6.6403e-02     1.8794e-01     6.187063e-04          1.0492e-02     1.0640e-02     1.0396e-01     
     47         1      5748     -7.787e+02     -7.720e+02     9.0186e-02     1.6874e-01     2.0924e-01     -7.529e+02     6.0681e-02     1.8954e-01     6.187063e-04          1.0360e-02     1.1482e-02     1.0514e-01     

     48         0      5834     -7.787e+02     -7.719e+02     9.0045e-02     1.6911e-01     2.0861e-01     -7.529e+02     6.2058e-02     1.8888e-01     6.157717e-04          1.0373e-02     1.0204e-02     1.0463e-01     
     48         1      5877     -7.787e+02     -7.719e+02     8.8508e-02     1.6687e-01     2.0767e-01     -7.529e+02     5.9539e-02     1.8773e-01     6.157717e-04          1.0190e-02     1.4348e-02     1.0463e-01     

     49         0      5963     -7.785e+02     -7.717e+02     9.0681e-02     1.6812e-01     2.0540e-01     -7.532e+02     6.6011e-02     1.8567e-01     6.024853e-04          1.0974e-02     9.6059e-03     1.0318e-01     
     49         1      6006     -7.786e+02     -7.718e+02     8.8890e-02     1.6464e-01     2.0664e-01     -7.533e+02     6.1395e-02     1.8705e-01     6.024853e-04          1.0524e-02     9.6025e-03     1.0405e-01     

     50         0      6092     -7.785e+02     -7.717e+02     8.8804e-02     1.6722e-01     2.0557e-01     -7.533e+02     6.5065e-02     1.8601e-01     5.966449e-04          1.0491e-02     1.0490e-02     1.0318e-01     
     50         1      6135     -7.786e+02     -7.718e+02     8.6087e-02     1.6357e-01     2.0656e-01     -7.534e+02     5.8990e-02     1.8708e-01     5.966449e-04          9.7294e-03     9.7946e-03     1.0407e-01     

     51         0      6221     -7.785e+02     -7.716e+02     8.7654e-02     1.6575e-01     2.0399e-01     -7.535e+02     6.4816e-02     1.8441e-01     5.901397e-04          1.0393e-02     9.7227e-03     1.0252e-01     
     51         1      6264     -7.786e+02     -7.718e+02     8.4745e-02     1.5920e-01     2.0589e-01     -7.536e+02     5.5512e-02     1.8652e-01     5.901397e-04          9.5517e-03     9.2364e-03     1.0415e-01     

     52         0      6350     -7.784e+02     -7.715e+02     8.7204e-02     1.6402e-01     2.0243e-01     -7.535e+02     6.5407e-02     1.8283e-01     5.852587e-04          1.0428e-02     9.2613e-03     1.0189e-01     
     52         1      6393     -7.785e+02     -7.717e+02     8.3544e-02     1.5729e-01     2.0437e-01     -7.537e+02     5.4913e-02     1.8493e-01     5.852587e-04          9.3682e-03     9.6713e-03     1.0365e-01     

     53         0      6479     -7.783e+02     -7.714e+02     8.6583e-02     1.6355e-01     2.0037e-01     -7.537e+02     6.6339e-02     1.8082e-01     5.747095e-04          1.0445e-02     8.8253e-03     1.0096e-01     
     53         1      6522     -7.784e+02     -7.715e+02     8.2942e-02     1.5461e-01     2.0192e-01     -7.539e+02     5.7403e-02     1.8248e-01     5.747095e-04          9.6105e-03     9.9371e-03     1.0268e-01     

     54         0      6608     -7.783e+02     -7.714e+02     8.2857e-02     1.5724e-01     2.0073e-01     -7.541e+02     5.9646e-02     1.8151e-01     5.646435e-04          9.5868e-03     8.3592e-03     1.0163e-01     
     54         1      6651     -7.784e+02     -7.715e+02     8.1778e-02     1.5026e-01     2.0105e-01     -7.541e+02     5.5315e-02     1.8185e-01     5.646435e-04          9.5165e-03     9.8953e-03     1.0263e-01     

     55         0      6737     -7.782e+02     -7.712e+02     8.4409e-02     1.5718e-01     1.9729e-01     -7.542e+02     6.4579e-02     1.7790e-01     5.565177e-04          1.0318e-02     9.3386e-03     1.0010e-01     
     55         1      6780     -7.783e+02     -7.714e+02     8.2102e-02     1.4771e-01     1.9895e-01     -7.543e+02     5.6335e-02     1.7971e-01     5.565177e-04          9.8708e-03     1.0829e-02     1.0181e-01     

     56         0      6866     -7.781e+02     -7.712e+02     8.2172e-02     1.5673e-01     1.9617e-01     -7.544e+02     6.3727e-02     1.7697e-01     5.466769e-04          9.7350e-03     1.0517e-02     9.9689e-02     
     56         1      6909     -7.783e+02     -7.714e+02     7.8709e-02     1.4735e-01     1.9832e-01     -7.546e+02     5.3456e-02     1.7930e-01     5.466769e-04          8.8286e-03     9.9181e-03     1.0195e-01     

     57         0      6995     -7.781e+02     -7.711e+02     8.0914e-02     1.5545e-01     1.9434e-01     -7.545e+02     6.3268e-02     1.7510e-01     5.411447e-04          9.5390e-03     9.7398e-03     9.8895e-02     
     57         1      7038     -7.783e+02     -7.713e+02     7.7753e-02     1.4496e-01     1.9633e-01     -7.546e+02     5.2590e-02     1.7726e-01     5.411447e-04          8.6758e-03     9.6253e-03     1.0126e-01     

     58         0      7124     -7.780e+02     -7.710e+02     8.0202e-02     1.5233e-01     1.9263e-01     -7.547e+02     6.3124e-02     1.7353e-01     5.318253e-04          9.5543e-03     9.7120e-03     9.8512e-02     
     58         1      7167     -7.782e+02     -7.712e+02     7.7217e-02     1.4323e-01     1.9477e-01     -7.548e+02     5.3081e-02     1.7585e-01     5.318253e-04          8.8040e-03     8.0939e-03     1.0038e-01     

     59         0      7253     -7.780e+02     -7.710e+02     7.9298e-02     1.4632e-01     1.9234e-01     -7.549e+02     5.9633e-02     1.7348e-01     5.235024e-04          9.5496e-03     7.5845e-03     9.8663e-02     
     59         1      7296     -7.781e+02     -7.711e+02     7.7655e-02     1.4254e-01     1.9317e-01     -7.550e+02     5.5371e-02     1.7436e-01     5.235024e-04          9.1331e-03     8.3851e-03     9.9601e-02     

     60         0      7382     -7.778e+02     -7.708e+02     7.4375e-02     1.4858e-01     1.8969e-01     -7.551e+02     5.9078e-02     1.7094e-01     5.110086e-04          8.1886e-03     1.2290e-02     9.7194e-02     

